<?xml version="1.0" encoding="utf-8"?>
<COLLADA xmlns="http://www.collada.org/2005/11/COLLADASchema" version="1.4.1">
  <asset><contributor><author>Mixamo</author><authoring_tool>COLLADA Mixamo exporter</authoring_tool><comments></comments></contributor><created>2019-03-19T12:35:46Z</created><modified>2019-03-19T12:35:46Z</modified><revision></revision><title></title><unit meter="0.010000"/><up_axis>Y_UP</up_axis></asset>
  <library_animations>
    <animation id="mixamorig_Hips-anim" name="mixamorig_Hips"><source id="mixamorig_Hips-Matrix-animation-input"><float_array id="mixamorig_Hips-Matrix-animation-input-array" count="123">

0.000000 0.033333 0.066667 0.100000 0.133333 0.166667 0.200000 0.233333 0.266667 0.300000 0.333333 0.366667 0.400000 0.433333 0.466667 0.500000
0.533333 0.566667 0.600000 0.633333 0.666667 0.700000 0.733333 0.766667 0.800000 0.833333 0.866667 0.900000 0.933333 0.966667 1.000000 1.033333
1.066667 1.100000 1.133333 1.166667 1.200000 1.233333 1.266667 1.300000 1.333333 1.366667 1.400000 1.433333 1.466667 1.500000 1.533333 1.566667
1.600000 1.633333 1.666667 1.700000 1.733333 1.766667 1.800000 1.833333 1.866667 1.900000 1.933333 1.966667 2.000000 2.033333 2.066667 2.100000
2.133333 2.166667 2.200000 2.233333 2.266667 2.300000 2.333333 2.366667 2.400000 2.433333 2.466667 2.500000 2.533333 2.566667 2.600000 2.633333
2.666667 2.700000 2.733333 2.766667 2.800000 2.833333 2.866667 2.900000 2.933333 2.966667 3.000000 3.033333 3.066667 3.100000 3.133333 3.166667
3.200000 3.233333 3.266667 3.300000 3.333333 3.366667 3.400000 3.433333 3.466667 3.500000 3.533333 3.566667 3.600000 3.633333 3.666667 3.700000
3.733333 3.766667 3.800000 3.833333 3.866667 3.900000 3.933333 3.966667 4.000000 4.033333 4.066667</float_array><technique_common><accessor source="#mixamorig_Hips-Matrix-animation-input-array" count="123"><param name="TIME" type="float"/></accessor></technique_common></source><source id="mixamorig_Hips-Matrix-animation-output-transform"><float_array id="mixamorig_Hips-Matrix-animation-output-transform-array" count="1968">

0.993110 0.053806 -0.104105 -0.281508 -0.052793 0.998528 0.012464 103.229485 0.104622 -0.006882 0.994488 0.308983 0.000000 0.000000 0.000000 1.000000
0.992902 0.053958 -0.105990 -0.274262 -0.052996 0.998524 0.011873 103.232536 0.106474 -0.006171 0.994296 0.328471 0.000000 0.000000 0.000000 1.000000
0.992682 0.054350 -0.107835 -0.273992 -0.053433 0.998507 0.011371 103.235832 0.108292 -0.005526 0.994104 0.361393 0.000000 0.000000 0.000000 1.000000
0.992452 0.054974 -0.109618 -0.272767 -0.054092 0.998475 0.011010 103.237610 0.110056 -0.004997 0.993913 0.406936 0.000000 0.000000 0.000000 1.000000
0.992216 0.055823 -0.111317 -0.262647 -0.054956 0.998430 0.010837 103.236130 0.111747 -0.004635 0.993726 0.464285 0.000000 0.000000 0.000000 1.000000
0.991975 0.056888 -0.112909 -0.235689 -0.056014 0.998370 0.010903 103.229622 0.113346 -0.004492 0.993545 0.532633 0.000000 0.000000 0.000000 1.000000
0.991734 0.058163 -0.114372 -0.183944 -0.057250 0.998296 0.011257 103.216423 0.114832 -0.004616 0.993374 0.611181 0.000000 0.000000 0.000000 1.000000
0.991494 0.059641 -0.115682 -0.099467 -0.058651 0.998207 0.011947 103.194702 0.116187 -0.005061 0.993214 0.699124 0.000000 0.000000 0.000000 1.000000
0.991258 0.061278 -0.116847 0.025655 -0.060166 0.998103 0.013024 103.162735 0.117423 -0.005880 0.993065 0.795652 0.000000 0.000000 0.000000 1.000000
0.990990 0.062867 -0.118262 0.199293 -0.061586 0.997997 0.014456 103.118614 0.118934 -0.007043 0.992877 0.899987 0.000000 0.000000 0.000000 1.000000
0.990629 0.064740 -0.120265 0.429987 -0.063267 0.997868 0.016029 103.060143 0.121046 -0.008270 0.992612 1.011580 0.000000 0.000000 0.000000 1.000000
0.990104 0.067353 -0.123118 0.726438 -0.065692 0.997686 0.017510 102.985046 0.124013 -0.009249 0.992238 1.129926 0.000000 0.000000 0.000000 1.000000
0.989304 0.071587 -0.127090 1.097758 -0.069766 0.997388 0.018731 102.890900 0.128099 -0.009664 0.991714 1.254606 0.000000 0.000000 0.000000 1.000000
0.988114 0.077626 -0.132684 1.552483 -0.075697 0.996940 0.019530 102.775497 0.133794 -0.009254 0.990966 1.385088 0.000000 0.000000 0.000000 1.000000
0.986498 0.083923 -0.140635 2.097543 -0.081974 0.996442 0.019603 102.637421 0.141780 -0.007809 0.989867 1.520577 0.000000 0.000000 0.000000 1.000000
0.984415 0.088997 -0.151681 2.740113 -0.087174 0.996019 0.018640 102.473671 0.152736 -0.005127 0.988254 1.660018 0.000000 0.000000 0.000000 1.000000
0.981665 0.090700 -0.167651 3.516942 -0.089467 0.995878 0.014908 102.326698 0.168312 0.000365 0.985734 1.766743 0.000000 0.000000 0.000000 1.000000
0.977904 0.089213 -0.189065 4.400967 -0.089701 0.995951 0.005990 102.278809 0.188834 0.011101 0.981946 1.759117 0.000000 0.000000 0.000000 1.000000
0.972606 0.085735 -0.216073 5.346770 -0.089809 0.995917 -0.009090 102.316368 0.214412 0.028246 0.976335 1.641443 0.000000 0.000000 0.000000 1.000000
0.965157 0.081432 -0.248679 6.318022 -0.091773 0.995320 -0.030261 102.317093 0.245051 0.052029 0.968113 1.422650 0.000000 0.000000 0.000000 1.000000
0.955006 0.079179 -0.285823 7.284644 -0.099957 0.993251 -0.058831 102.209778 0.279236 0.084754 0.956475 1.108037 0.000000 0.000000 0.000000 1.000000
0.943974 0.079983 -0.320182 8.202731 -0.114415 0.989331 -0.090186 102.050453 0.309553 0.121767 0.943053 0.708701 0.000000 0.000000 0.000000 1.000000
0.933894 0.082798 -0.347831 9.029392 -0.132659 0.983620 -0.122035 101.906723 0.332029 0.160110 0.929581 0.234723 0.000000 0.000000 0.000000 1.000000
0.927075 0.087511 -0.364520 9.717615 -0.152247 0.976462 -0.152785 101.839539 0.342569 0.197140 0.918576 -0.300618 0.000000 0.000000 0.000000 1.000000
0.925746 0.091466 -0.366917 10.234345 -0.167585 0.969052 -0.181255 101.829010 0.338983 0.229286 0.912425 -0.784685 0.000000 0.000000 0.000000 1.000000
0.928322 0.094367 -0.359602 10.624977 -0.178140 0.961888 -0.207456 101.810204 0.326320 0.256645 0.909752 -1.183080 0.000000 0.000000 0.000000 1.000000
0.933826 0.096519 -0.344460 10.894243 -0.184369 0.955030 -0.232220 101.691605 0.306556 0.280361 0.909627 -1.518284 0.000000 0.000000 0.000000 1.000000
0.941170 0.098188 -0.323354 11.037095 -0.186831 0.948510 -0.255780 101.450722 0.281589 0.301145 0.911054 -1.824107 0.000000 0.000000 0.000000 1.000000
0.949288 0.099451 -0.298264 11.065565 -0.186140 0.942304 -0.278235 101.066002 0.253385 0.319644 0.913030 -2.120734 0.000000 0.000000 0.000000 1.000000
0.957221 0.100245 -0.271437 10.986389 -0.183029 0.936328 -0.299651 100.516022 0.224115 0.336513 0.914621 -2.426250 0.000000 0.000000 0.000000 1.000000
0.964298 0.100383 -0.245057 10.804837 -0.178224 0.930444 -0.320172 99.778671 0.195872 0.352416 0.915116 -2.752876 0.000000 0.000000 0.000000 1.000000
0.970127 0.099173 -0.221401 10.519439 -0.172108 0.924542 -0.340001 98.784927 0.170976 0.367949 0.913992 -3.119800 0.000000 0.000000 0.000000 1.000000
0.975017 0.096086 -0.200273 10.104884 -0.164237 0.918883 -0.358721 97.432800 0.149559 0.382651 0.911707 -3.555203 0.000000 0.000000 0.000000 1.000000
0.979314 0.092007 -0.180218 9.574308 -0.154969 0.913724 -0.375624 95.736832 0.130110 0.395782 0.909081 -4.044287 0.000000 0.000000 0.000000 1.000000
0.983216 0.087622 -0.160027 8.952724 -0.144526 0.909384 -0.390042 93.695404 0.111350 0.406624 0.906785 -4.553729 0.000000 0.000000 0.000000 1.000000
0.986692 0.083035 -0.139798 8.289989 -0.133086 0.906373 -0.400969 89.880180 0.093415 0.414238 0.905362 -5.048259 0.000000 0.000000 0.000000 1.000000
0.989663 0.075902 -0.121677 7.627797 -0.119517 0.905455 -0.407267 85.502167 0.079261 0.417600 0.905167 -5.536246 0.000000 0.000000 0.000000 1.000000
0.992402 0.064489 -0.104781 6.972981 -0.101922 0.907937 -0.406525 80.743317 0.068918 0.414116 0.907611 -6.035609 0.000000 0.000000 0.000000 1.000000
0.994987 0.046865 -0.088341 6.336827 -0.078254 0.914903 -0.396017 75.829948 0.062264 0.400945 0.913984 -6.570362 0.000000 0.000000 0.000000 1.000000
0.997273 0.024240 -0.069708 5.787221 -0.048769 0.925368 -0.375920 71.000031 0.055394 0.378294 0.924027 -7.091944 0.000000 0.000000 0.000000 1.000000
0.998835 0.002440 -0.048190 5.343869 -0.019339 0.935242 -0.353479 67.493752 0.044207 0.353999 0.934200 -7.561450 0.000000 0.000000 0.000000 1.000000
0.999476 -0.019096 -0.026145 4.977870 0.009420 0.944116 -0.329479 64.152908 0.030975 0.329060 0.943801 -7.944628 0.000000 0.000000 0.000000 1.000000
0.999135 -0.041153 -0.005975 4.689681 0.037375 0.951678 -0.304815 61.127579 0.018230 0.304328 0.952393 -8.769272 0.000000 0.000000 0.000000 1.000000
0.997915 -0.063612 0.010960 4.421848 0.064118 0.957277 -0.281974 58.542759 0.007445 0.282088 0.959360 -9.801649 0.000000 0.000000 0.000000 1.000000
0.996025 -0.085019 0.026569 4.095382 0.089010 0.961257 -0.260887 56.534981 -0.003360 0.262215 0.965004 -10.647964 0.000000 0.000000 0.000000 1.000000
0.993654 -0.104333 0.042025 3.634975 0.111422 0.964133 -0.240901 55.246777 -0.015384 0.244054 0.969640 -10.895609 0.000000 0.000000 0.000000 1.000000
0.990945 -0.120870 0.058460 2.914070 0.130935 0.966322 -0.221536 54.829769 -0.029714 0.227184 0.973398 -10.683945 0.000000 0.000000 0.000000 1.000000
0.987642 -0.135566 0.078650 1.882705 0.149033 0.967656 -0.203548 54.941730 -0.048512 0.212754 0.975901 -10.445225 0.000000 0.000000 0.000000 1.000000
0.983645 -0.148753 0.101561 0.632063 0.165743 0.968259 -0.187094 55.075951 -0.070507 0.200867 0.977078 -10.179905 0.000000 0.000000 0.000000 1.000000
0.979241 -0.159768 0.124747 -0.772493 0.179989 0.968407 -0.172604 55.214333 -0.093229 0.191474 0.977060 -9.893084 0.000000 0.000000 0.000000 1.000000
0.974971 -0.168157 0.145449 -2.265798 0.190999 0.968331 -0.160794 55.337845 -0.113804 0.184550 0.976212 -9.587902 0.000000 0.000000 0.000000 1.000000
0.968720 -0.190749 0.158736 -3.798579 0.212012 0.968594 -0.129913 55.463852 -0.128970 0.159503 0.978737 -9.396506 0.000000 0.000000 0.000000 1.000000
0.961283 -0.219035 0.167208 -5.200281 0.237135 0.966615 -0.097071 55.530540 -0.140364 0.132963 0.981131 -9.169918 0.000000 0.000000 0.000000 1.000000
0.952187 -0.252884 0.171431 -6.420547 0.266680 0.961756 -0.062513 55.538399 -0.149067 0.105241 0.983211 -8.925731 0.000000 0.000000 0.000000 1.000000
0.941410 -0.290156 0.171920 -7.403991 0.298983 0.953867 -0.027313 55.443619 -0.156064 0.077114 0.984732 -8.700886 0.000000 0.000000 0.000000 1.000000
0.930066 -0.326042 0.169336 -8.604515 0.329724 0.944054 0.006713 55.367252 -0.162051 0.049590 0.985536 -8.671493 0.000000 0.000000 0.000000 1.000000
0.917841 -0.360574 0.165995 -9.856078 0.358997 0.932461 0.040478 55.054710 -0.169379 0.022439 0.985296 -8.622669 0.000000 0.000000 0.000000 1.000000
0.906778 -0.391039 0.157612 -10.510421 0.384413 0.920363 0.071821 54.663589 -0.173146 -0.004538 0.984886 -8.407436 0.000000 0.000000 0.000000 1.000000
0.897362 -0.416683 0.145315 -9.819212 0.405573 0.908512 0.100580 54.239342 -0.173931 -0.031320 0.984260 -8.135180 0.000000 0.000000 0.000000 1.000000
0.889260 -0.438733 0.129342 -8.953947 0.423877 0.896713 0.127416 53.697102 -0.171884 -0.058481 0.983380 -7.901060 0.000000 0.000000 0.000000 1.000000
0.882844 -0.456710 0.109557 -7.930169 0.439162 0.885426 0.152174 53.074177 -0.166504 -0.086233 0.982263 -7.689007 0.000000 0.000000 0.000000 1.000000
0.878410 -0.470157 0.085724 -6.768857 0.451323 0.875084 0.174745 52.387257 -0.157174 -0.114808 0.980875 -7.484269 0.000000 0.000000 0.000000 1.000000
0.876224 -0.478227 0.059414 -5.506696 0.460073 0.866836 0.192169 51.660713 -0.143403 -0.141048 0.979562 -7.289691 0.000000 0.000000 0.000000 1.000000
0.875160 -0.482558 0.035106 -4.220058 0.466398 0.860701 0.204123 50.904213 -0.128717 -0.162267 0.978316 -7.119147 0.000000 0.000000 0.000000 1.000000
0.874634 -0.484536 0.015509 -2.979260 0.470807 0.856609 0.211098 50.127563 -0.115569 -0.177331 0.977342 -6.972842 0.000000 0.000000 0.000000 1.000000
0.874268 -0.485432 0.003510 -1.846003 0.473627 0.854548 0.213132 49.331497 -0.106461 -0.184672 0.977017 -6.844581 0.000000 0.000000 0.000000 1.000000
0.872872 -0.487947 0.001525 -0.865720 0.476835 0.853648 0.209554 48.509506 -0.103553 -0.182187 0.977796 -6.731318 0.000000 0.000000 0.000000 1.000000
0.871224 -0.490845 0.006354 -0.071035 0.479714 0.854070 0.201093 47.662983 -0.104133 -0.172149 0.979552 -6.610618 0.000000 0.000000 0.000000 1.000000
0.870409 -0.492078 0.015747 0.504394 0.480753 0.856402 0.188291 46.967659 -0.106140 -0.156319 0.981987 -6.455333 0.000000 0.000000 0.000000 1.000000
0.871823 -0.489051 0.027438 0.920086 0.477804 0.861432 0.172155 46.398567 -0.107829 -0.136979 0.984688 -6.299781 0.000000 0.000000 0.000000 1.000000
0.877396 -0.478214 0.038566 1.275703 0.467667 0.870439 0.153702 45.919727 -0.107072 -0.116821 0.987364 -6.173813 0.000000 0.000000 0.000000 1.000000
0.885206 -0.462714 0.048028 1.600925 0.453324 0.881177 0.134254 45.519661 -0.104443 -0.097070 0.989782 -6.064131 0.000000 0.000000 0.000000 1.000000
0.893325 -0.446021 0.055095 1.932523 0.438019 0.891540 0.115305 45.183685 -0.100548 -0.078872 0.991801 -5.949648 0.000000 0.000000 0.000000 1.000000
0.900721 -0.430118 0.060831 2.275319 0.423656 0.900740 0.095829 44.931221 -0.096011 -0.060544 0.993537 -5.840087 0.000000 0.000000 0.000000 1.000000
0.907130 -0.415684 0.065740 2.629254 0.410907 0.908580 0.075091 44.777515 -0.090944 -0.041104 0.995007 -5.738472 0.000000 0.000000 0.000000 1.000000
0.912720 -0.402628 0.069523 2.994066 0.399560 0.915109 0.054111 44.727837 -0.085408 -0.021610 0.996112 -5.638755 0.000000 0.000000 0.000000 1.000000
0.917649 -0.390822 0.071960 3.366674 0.389358 0.920461 0.033937 44.730453 -0.079500 -0.003124 0.996830 -5.535521 0.000000 0.000000 0.000000 1.000000
0.922258 -0.379742 0.072355 3.745525 0.379633 0.925002 0.015788 44.724014 -0.072924 0.012908 0.997254 -5.423142 0.000000 0.000000 0.000000 1.000000
0.927159 -0.368049 0.070121 4.127621 0.368998 0.929430 -0.000628 44.710514 -0.064941 0.026456 0.997538 -5.304258 0.000000 0.000000 0.000000 1.000000
0.932025 -0.356352 0.065907 4.510623 0.358041 0.933577 -0.015491 44.691021 -0.056009 0.038036 0.997705 -5.180406 0.000000 0.000000 0.000000 1.000000
0.936513 -0.345389 0.060410 4.892303 0.347515 0.937230 -0.028876 44.665787 -0.046645 0.048036 0.997756 -5.052166 0.000000 0.000000 0.000000 1.000000
0.940336 -0.335879 0.054354 5.269936 0.338191 0.940188 -0.040904 44.635124 -0.037365 0.056845 0.997684 -4.920072 0.000000 0.000000 0.000000 1.000000
0.943248 -0.328530 0.048483 5.640510 0.330847 0.942265 -0.051744 44.599583 -0.028684 0.064848 0.997483 -4.784663 0.000000 0.000000 0.000000 1.000000
0.945041 -0.324039 0.043554 6.000832 0.326270 0.943267 -0.061603 44.559963 -0.021121 0.072427 0.997150 -4.646449 0.000000 0.000000 0.000000 1.000000
0.945472 -0.323187 0.040398 6.347675 0.325344 0.942953 -0.070648 44.516670 -0.015260 0.079939 0.996683 -4.505591 0.000000 0.000000 0.000000 1.000000
0.944562 -0.325974 0.039292 6.645655 0.328135 0.941365 -0.078486 44.470924 -0.011404 0.087028 0.996141 -4.374744 0.000000 0.000000 0.000000 1.000000
0.943150 -0.330096 0.038795 6.867952 0.332262 0.939353 -0.084955 44.427025 -0.008399 0.093015 0.995629 -4.267501 0.000000 0.000000 0.000000 1.000000
0.941651 -0.334422 0.038141 7.024358 0.336540 0.937389 -0.089681 44.382511 -0.005762 0.097284 0.995240 -4.179822 0.000000 0.000000 0.000000 1.000000
0.940493 -0.337844 0.036539 7.124932 0.339801 0.935957 -0.092306 44.334904 -0.003014 0.099229 0.995060 -4.107692 0.000000 0.000000 0.000000 1.000000
0.939852 -0.339879 0.034060 7.176794 0.341582 0.935241 -0.092981 44.284836 -0.000252 0.099023 0.995085 -4.048199 0.000000 0.000000 0.000000 1.000000
0.939488 -0.341064 0.032222 7.182159 0.342579 0.934907 -0.092677 44.238075 0.001484 0.098108 0.995175 -4.000387 0.000000 0.000000 0.000000 1.000000
0.939159 -0.342047 0.031359 7.153275 0.343474 0.934623 -0.092218 44.199230 0.002234 0.097379 0.995245 -3.965261 0.000000 0.000000 0.000000 1.000000
0.938615 -0.343323 0.033624 7.087391 0.344965 0.934021 -0.092761 44.175365 0.000441 0.098666 0.995121 -3.941509 0.000000 0.000000 0.000000 1.000000
0.938151 -0.344212 0.037294 7.004175 0.346219 0.933408 -0.094242 44.165169 -0.002371 0.101325 0.994851 -3.928294 0.000000 0.000000 0.000000 1.000000
0.937848 -0.344567 0.041410 6.920432 0.347004 0.932902 -0.096343 44.165447 -0.005435 0.104725 0.994486 -3.922646 0.000000 0.000000 0.000000 1.000000
0.937700 -0.344430 0.045686 6.849017 0.347342 0.932506 -0.098922 44.174305 -0.008531 0.108628 0.994046 -3.921248 0.000000 0.000000 0.000000 1.000000
0.937702 -0.343848 0.049839 6.802765 0.347253 0.932226 -0.101835 44.189743 -0.011445 0.112798 0.993552 -3.920819 0.000000 0.000000 0.000000 1.000000
0.937851 -0.342878 0.053567 6.768852 0.346757 0.932065 -0.104945 44.216911 -0.013945 0.116998 0.993034 -3.932508 0.000000 0.000000 0.000000 1.000000
0.938147 -0.341584 0.056573 6.728611 0.345876 0.932031 -0.108112 44.259624 -0.015799 0.120992 0.992528 -3.966929 0.000000 0.000000 0.000000 1.000000
0.938588 -0.340033 0.058573 6.686163 0.344632 0.932130 -0.111189 44.314022 -0.016789 0.124547 0.992072 -4.020074 0.000000 0.000000 0.000000 1.000000
0.939155 -0.338254 0.059762 6.641685 0.343064 0.932372 -0.113973 44.375866 -0.017168 0.127541 0.991685 -4.086558 0.000000 0.000000 0.000000 1.000000
0.939789 -0.336272 0.060978 6.590464 0.341295 0.932728 -0.116344 44.441463 -0.017752 0.130150 0.991335 -4.159901 0.000000 0.000000 0.000000 1.000000
0.940433 -0.334231 0.062249 6.534942 0.339474 0.933133 -0.118410 44.508724 -0.018510 0.132488 0.991012 -4.236753 0.000000 0.000000 0.000000 1.000000
0.941035 -0.332280 0.063582 6.477703 0.337752 0.933517 -0.120284 44.575577 -0.019387 0.134667 0.990701 -4.313846 0.000000 0.000000 0.000000 1.000000
0.941542 -0.330567 0.064984 6.421358 0.336280 0.933816 -0.122079 44.639885 -0.020327 0.136796 0.990391 -4.387902 0.000000 0.000000 0.000000 1.000000
0.941967 -0.329311 0.065207 6.378306 0.335098 0.934029 -0.123691 44.697933 -0.020173 0.138364 0.990176 -4.457611 0.000000 0.000000 0.000000 1.000000
0.942221 -0.328620 0.065033 6.345091 0.334422 0.934049 -0.125359 44.748535 -0.019549 0.139864 0.989978 -4.518509 0.000000 0.000000 0.000000 1.000000
0.942256 -0.328633 0.064448 6.324351 0.334387 0.933817 -0.127168 44.789448 -0.018391 0.141376 0.989785 -4.567252 0.000000 0.000000 0.000000 1.000000
0.942230 -0.328838 0.063781 6.312137 0.334524 0.933550 -0.128755 44.815697 -0.017203 0.142653 0.989623 -4.596734 0.000000 0.000000 0.000000 1.000000
0.942235 -0.328938 0.063198 6.307051 0.334560 0.933366 -0.129989 44.823914 -0.016228 0.143624 0.989499 -4.601679 0.000000 0.000000 0.000000 1.000000
0.942269 -0.328935 0.062702 6.308251 0.334501 0.933257 -0.130925 44.815277 -0.015451 0.144340 0.989408 -4.583291 0.000000 0.000000 0.000000 1.000000
0.942332 -0.328833 0.062292 6.313279 0.334351 0.933213 -0.131616 44.793777 -0.014852 0.144854 0.989342 -4.546957 0.000000 0.000000 0.000000 1.000000
0.942422 -0.328635 0.061971 6.321393 0.334116 0.933226 -0.132119 44.761280 -0.014414 0.145217 0.989295 -4.495199 0.000000 0.000000 0.000000 1.000000
0.942538 -0.328345 0.061741 6.331861 0.333801 0.933287 -0.132488 44.719662 -0.014120 0.145484 0.989260 -4.430544 0.000000 0.000000 0.000000 1.000000
0.942678 -0.327968 0.061604 6.343969 0.333411 0.933385 -0.132776 44.670792 -0.013954 0.145705 0.989230 -4.355493 0.000000 0.000000 0.000000 1.000000
0.942842 -0.327505 0.061563 6.356988 0.332951 0.933512 -0.133040 44.616531 -0.013898 0.145933 0.989197 -4.272563 0.000000 0.000000 0.000000 1.000000
0.943027 -0.326962 0.061620 6.370180 0.332425 0.933657 -0.133333 44.558743 -0.013937 0.146221 0.989154 -4.184294 0.000000 0.000000 0.000000 1.000000
0.943231 -0.326341 0.061776 6.382841 0.331840 0.933811 -0.133711 44.499290 -0.014052 0.146620 0.989093 -4.093193 0.000000 0.000000 0.000000 1.000000
0.943454 -0.325648 0.062035 6.394227 0.331199 0.933965 -0.134228 44.440002 -0.014227 0.147184 0.989007 -4.001832 0.000000 0.000000 0.000000 1.000000
0.943693 -0.324885 0.062398 6.403649 0.330507 0.934107 -0.134939 44.382812 -0.014447 0.147964 0.988887 -3.912681 0.000000 0.000000 0.000000 1.000000
0.943947 -0.324054 0.062866 6.410389 0.329769 0.934229 -0.135899 44.329559 -0.014693 0.149013 0.988726 -3.828305 0.000000 0.000000 0.000000 1.000000
0.944215 -0.323160 0.063442 6.413715 0.328989 0.934319 -0.137162 44.282101 -0.014950 0.150383 0.988515 -3.751238 0.000000 0.000000 0.000000 1.000000
0.944495 -0.322205 0.064127 6.412929 0.328173 0.934367 -0.138783 44.242332 -0.015202 0.152125 0.988244 -3.683992 0.000000 0.000000 0.000000 1.000000</float_array><technique_common><accessor source="#mixamorig_Hips-Matrix-animation-output-transform-array" count="123" stride="16"><param type="float4x4"/></accessor></technique_common></source><source id="mixamorig_Hips-Interpolations"><Name_array id="mixamorig_Hips-Interpolations-array" count="123">
 LINEAR LINEAR LINEAR LINEAR LINEAR LINEAR LINEAR LINEAR LINEAR LINEAR LINEAR
LINEAR LINEAR LINEAR LINEAR LINEAR LINEAR LINEAR LINEAR LINEAR LINEAR LINEAR LINEAR
LINEAR LINEAR LINEAR LINEAR LINEAR LINEAR LINEAR LINEAR LINEAR LINEAR LINEAR LINEAR
LINEAR LINEAR LINEAR LINEAR LINEAR LINEAR LINEAR LINEAR LINEAR LINEAR LINEAR LINEAR
LINEAR LINEAR LINEAR LINEAR LINEAR LINEAR LINEAR LINEAR LINEAR LINEAR LINEAR LINEAR
LINEAR LINEAR LINEAR LINEAR LINEAR LINEAR LINEAR LINEAR LINEAR LINEAR LINEAR LINEAR
LINEAR LINEAR LINEAR LINEAR LINEAR LINEAR LINEAR LINEAR LINEAR LINEAR LINEAR LINEAR
LINEAR LINEAR LINEAR LINEAR LINEAR LINEAR LINEAR LINEAR LINEAR LINEAR LINEAR LINEAR
LINEAR LINEAR LINEAR LINEAR LINEAR LINEAR LINEAR LINEAR LINEAR LINEAR LINEAR LINEAR
LINEAR LINEAR LINEAR LINEAR LINEAR LINEAR LINEAR LINEAR LINEAR LINEAR LINEAR LINEAR
LINEAR LINEAR LINEAR LINEAR</Name_array><technique_common><accessor source="#mixamorig_Hips-Interpolations-array" count="123"><param type="name"/></accessor></technique_common></source><sampler id="mixamorig_Hips-Matrix-animation-transform"><input semantic="INPUT" source="#mixamorig_Hips-Matrix-animation-input"/><input semantic="OUTPUT" source="#mixamorig_Hips-Matrix-animation-output-transform"/><input semantic="INTERPOLATION" source="#mixamorig_Hips-Interpolations"/></sampler><channel source="#mixamorig_Hips-Matrix-animation-transform" target="mixamorig_Hips/matrix"/></animation>
    <animation id="mixamorig_Spine-anim" name="mixamorig_Spine"><source id="mixamorig_Spine-Matrix-animation-input"><float_array id="mixamorig_Spine-Matrix-animation-input-array" count="123">

0.000000 0.033333 0.066667 0.100000 0.133333 0.166667 0.200000 0.233333 0.266667 0.300000 0.333333 0.366667 0.400000 0.433333 0.466667 0.500000
0.533333 0.566667 0.600000 0.633333 0.666667 0.700000 0.733333 0.766667 0.800000 0.833333 0.866667 0.900000 0.933333 0.966667 1.000000 1.033333
1.066667 1.100000 1.133333 1.166667 1.200000 1.233333 1.266667 1.300000 1.333333 1.366667 1.400000 1.433333 1.466667 1.500000 1.533333 1.566667
1.600000 1.633333 1.666667 1.700000 1.733333 1.766667 1.800000 1.833333 1.866667 1.900000 1.933333 1.966667 2.000000 2.033333 2.066667 2.100000
2.133333 2.166667 2.200000 2.233333 2.266667 2.300000 2.333333 2.366667 2.400000 2.433333 2.466667 2.500000 2.533333 2.566667 2.600000 2.633333
2.666667 2.700000 2.733333 2.766667 2.800000 2.833333 2.866667 2.900000 2.933333 2.966667 3.000000 3.033333 3.066667 3.100000 3.133333 3.166667
3.200000 3.233333 3.266667 3.300000 3.333333 3.366667 3.400000 3.433333 3.466667 3.500000 3.533333 3.566667 3.600000 3.633333 3.666667 3.700000
3.733333 3.766667 3.800000 3.833333 3.866667 3.900000 3.933333 3.966667 4.000000 4.033333 4.066667</float_array><technique_common><accessor source="#mixamorig_Spine-Matrix-animation-input-array" count="123"><param name="TIME" type="float"/></accessor></technique_common></source><source id="mixamorig_Spine-Matrix-animation-output-transform"><float_array id="mixamorig_Spine-Matrix-animation-output-transform-array" count="1968">

0.999751 -0.018127 0.012991 0.000000 0.018391 0.999620 -0.020541 10.181600 -0.012614 0.020774 0.999705 0.131500 0.000000 0.000000 0.000000 1.000000
0.999746 -0.018324 0.013100 0.000000 0.018590 0.999618 -0.020461 10.181600 -0.012720 0.020700 0.999705 0.131500 0.000000 0.000000 0.000000 1.000000
0.999739 -0.018626 0.013236 -0.000000 0.018892 0.999616 -0.020280 10.181600 -0.012853 0.020524 0.999707 0.131500 0.000000 0.000000 0.000000 1.000000
0.999729 -0.019032 0.013391 0.000000 0.019298 0.999613 -0.020046 10.181600 -0.013004 0.020299 0.999709 0.131500 0.000000 0.000000 0.000000 1.000000
0.999717 -0.019539 0.013557 0.000000 0.019806 0.999608 -0.019809 10.181600 -0.013164 0.020072 0.999712 0.131500 0.000000 0.000000 0.000000 1.000000
0.999703 -0.020147 0.013726 0.000000 0.020414 0.999599 -0.019621 10.181600 -0.013325 0.019895 0.999713 0.131500 0.000000 0.000000 0.000000 1.000000
0.999686 -0.020853 0.013890 -0.000000 0.021122 0.999586 -0.019531 10.181600 -0.013477 0.019819 0.999713 0.131500 0.000000 0.000000 0.000000 1.000000
0.999667 -0.021655 0.014043 -0.000000 0.021928 0.999568 -0.019591 10.181600 -0.013613 0.019892 0.999709 0.131500 0.000000 0.000000 0.000000 1.000000
0.999645 -0.022547 0.014177 -0.000000 0.022826 0.999542 -0.019849 10.181600 -0.013723 0.020166 0.999702 0.131500 0.000000 0.000000 0.000000 1.000000
0.999621 -0.023515 0.014284 0.000000 0.023803 0.999509 -0.020357 10.181600 -0.013799 0.020689 0.999691 0.131500 0.000000 0.000000 0.000000 1.000000
0.999595 -0.024567 0.014359 0.000000 0.024868 0.999467 -0.021163 10.181600 -0.013832 0.021512 0.999673 0.131500 0.000000 0.000000 0.000000 1.000000
0.999565 -0.025722 0.014398 0.000000 0.026039 0.999412 -0.022318 10.181600 -0.013816 0.022683 0.999647 0.131500 0.000000 0.000000 0.000000 1.000000
0.999531 -0.027017 0.014396 -0.000000 0.027355 0.999341 -0.023870 10.181600 -0.013741 0.024253 0.999611 0.131500 0.000000 0.000000 0.000000 1.000000
0.999492 -0.028461 0.014348 0.000000 0.028825 0.999250 -0.025869 10.181600 -0.013601 0.026270 0.999562 0.131500 0.000000 0.000000 0.000000 1.000000
0.999449 -0.029971 0.014250 0.000000 0.030366 0.999136 -0.028365 10.181600 -0.013388 0.028782 0.999496 0.131500 0.000000 0.000000 0.000000 1.000000
0.999406 -0.031452 0.014094 0.000000 0.031882 0.998998 -0.031410 10.181600 -0.013092 0.031841 0.999407 0.131500 0.000000 0.000000 0.000000 1.000000
0.999379 -0.032426 0.013768 -0.000000 0.032890 0.998849 -0.034926 10.181600 -0.012620 0.035357 0.999295 0.131500 0.000000 0.000000 0.000000 1.000000
0.999380 -0.032701 0.013083 -0.000000 0.033183 0.998709 -0.038473 10.181600 -0.011808 0.038884 0.999174 0.131500 0.000000 0.000000 0.000000 1.000000
0.999402 -0.032400 0.012109 0.000000 0.032881 0.998578 -0.041961 10.181600 -0.010732 0.042334 0.999046 0.131500 0.000000 0.000000 0.000000 1.000000
0.999437 -0.031733 0.010935 -0.000000 0.032197 0.998453 -0.045332 10.181600 -0.009479 0.045659 0.998912 0.131500 0.000000 0.000000 0.000000 1.000000
0.999453 -0.031620 0.009717 -0.000000 0.032057 0.998300 -0.048685 10.181600 -0.008161 0.048970 0.998767 0.131500 0.000000 0.000000 0.000000 1.000000
0.999443 -0.032272 0.008545 -0.000000 0.032675 0.998105 -0.052140 10.181600 -0.006847 0.052390 0.998603 0.131500 0.000000 0.000000 0.000000 1.000000
0.999423 -0.033133 0.007498 0.000000 0.033499 0.997891 -0.055604 10.181600 -0.005640 0.055823 0.998425 0.131500 0.000000 0.000000 0.000000 1.000000
0.999402 -0.033929 0.006602 -0.000000 0.034260 0.997668 -0.059034 10.181600 -0.004583 0.059225 0.998234 0.131500 0.000000 0.000000 0.000000 1.000000
0.999413 -0.033783 0.005778 -0.000000 0.034076 0.997490 -0.062065 10.181600 -0.003667 0.062225 0.998055 0.131500 0.000000 0.000000 0.000000 1.000000
0.999446 -0.032890 0.005040 0.000000 0.033148 0.997353 -0.064720 10.181600 -0.002898 0.064851 0.997891 0.131500 0.000000 0.000000 0.000000 1.000000
0.999497 -0.031421 0.004404 0.000000 0.031646 0.997246 -0.067077 10.181600 -0.002285 0.067182 0.997738 0.131500 0.000000 0.000000 0.000000 1.000000
0.999533 -0.030282 0.003986 0.000000 0.030486 0.997121 -0.069432 10.181600 -0.001872 0.069521 0.997579 0.131500 0.000000 0.000000 0.000000 1.000000
0.999573 -0.028973 0.003891 0.000000 0.029177 0.997011 -0.071533 10.181600 -0.001806 0.071616 0.997431 0.131500 0.000000 0.000000 0.000000 1.000000
0.999610 -0.027599 0.004250 0.000000 0.027837 0.996917 -0.073358 10.181600 -0.002212 0.073448 0.997297 0.131500 0.000000 0.000000 0.000000 1.000000
0.999642 -0.026243 0.005179 -0.000000 0.026557 0.996838 -0.074886 10.181600 -0.003197 0.074997 0.997179 0.131500 0.000000 0.000000 0.000000 1.000000
0.999669 -0.024843 0.006654 0.000000 0.025278 0.996775 -0.076160 10.181600 -0.004740 0.076303 0.997073 0.131500 0.000000 0.000000 0.000000 1.000000
0.999703 -0.023047 0.007944 0.000000 0.023596 0.996682 -0.077899 10.181600 -0.006123 0.078063 0.996930 0.131500 0.000000 0.000000 0.000000 1.000000
0.999740 -0.020975 0.008950 -0.000000 0.021626 0.996542 -0.080223 10.181600 -0.007237 0.080395 0.996737 0.131500 0.000000 0.000000 0.000000 1.000000
0.999778 -0.018739 0.009608 -0.000000 0.019473 0.996355 -0.083053 10.181600 -0.008016 0.083222 0.996499 0.131500 0.000000 0.000000 0.000000 1.000000
0.999805 -0.017068 0.009964 -0.000000 0.017866 0.996100 -0.086402 10.181600 -0.008450 0.086563 0.996211 0.131500 0.000000 0.000000 0.000000 1.000000
0.999831 -0.015458 0.009950 -0.000000 0.016293 0.995800 -0.090099 10.181600 -0.008515 0.090246 0.995883 0.131500 0.000000 0.000000 0.000000 1.000000
0.999872 -0.012791 0.009618 -0.000000 0.013638 0.995483 -0.093955 10.181600 -0.008373 0.094074 0.995530 0.131500 0.000000 0.000000 0.000000 1.000000
0.999923 -0.008540 0.009012 -0.000000 0.009382 0.995151 -0.097913 10.181600 -0.008132 0.097990 0.995154 0.131500 0.000000 0.000000 0.000000 1.000000
0.999959 -0.003886 0.008201 -0.000000 0.004703 0.994770 -0.102037 10.181600 -0.007761 0.102071 0.994747 0.131500 0.000000 0.000000 0.000000 1.000000
0.999974 -0.001081 0.007198 0.000000 0.001840 0.994330 -0.106325 10.181600 -0.007043 0.106335 0.994305 0.131500 0.000000 0.000000 0.000000 1.000000
0.999981 0.000411 0.006104 0.000000 0.000266 0.993868 -0.110575 10.181600 -0.006112 0.110575 0.993849 0.131500 0.000000 0.000000 0.000000 1.000000
0.999987 0.001185 0.005029 -0.000000 -0.000600 0.993406 -0.114650 10.181600 -0.005132 0.114645 0.993393 0.131500 0.000000 0.000000 0.000000 1.000000
0.999990 0.001745 0.004069 -0.000000 -0.001251 0.992955 -0.118485 10.181600 -0.004247 0.118478 0.992948 0.131500 0.000000 0.000000 0.000000 1.000000
0.999993 0.001902 0.003190 0.000000 -0.001499 0.992523 -0.122048 10.181600 -0.003399 0.122042 0.992519 0.131500 0.000000 0.000000 0.000000 1.000000
0.999996 0.001701 0.002377 0.000000 -0.001390 0.992114 -0.125328 10.181600 -0.002572 0.125324 0.992112 0.131500 0.000000 0.000000 0.000000 1.000000
0.999999 -0.000051 0.001646 0.000000 0.000262 0.991752 -0.128173 10.181600 -0.001626 0.128173 0.991750 0.131500 0.000000 0.000000 0.000000 1.000000
0.999996 -0.002684 0.000963 0.000000 0.002787 0.991415 -0.130721 10.181600 -0.000604 0.130723 0.991419 0.131500 0.000000 0.000000 0.000000 1.000000
0.999983 -0.005835 0.000292 -0.000000 0.005822 0.991079 -0.133151 10.181600 0.000487 0.133151 0.991096 0.131500 0.000000 0.000000 0.000000 1.000000
0.999958 -0.009148 -0.000311 0.000000 0.009021 0.990718 -0.135632 10.181600 0.001549 0.135624 0.990759 0.131500 0.000000 0.000000 0.000000 1.000000
0.999925 -0.012256 -0.000798 0.000000 0.012028 0.990313 -0.138329 10.181600 0.002486 0.138309 0.990386 0.131500 0.000000 0.000000 0.000000 1.000000
0.999941 -0.010635 -0.002088 0.000000 0.010205 0.988781 -0.149024 10.181600 0.003650 0.148993 0.988831 0.131500 0.000000 0.000000 0.000000 1.000000
0.999970 -0.007057 -0.003144 0.000000 0.006464 0.987111 -0.159907 10.181600 0.004232 0.159882 0.987127 0.131500 0.000000 0.000000 0.000000 1.000000
0.999991 -0.001233 -0.004154 -0.000000 0.000504 0.985258 -0.171076 10.181600 0.004304 0.171072 0.985249 0.131500 0.000000 0.000000 0.000000 1.000000
0.999968 0.006167 -0.005130 0.000000 -0.007000 0.983170 -0.182558 10.181600 0.003917 0.182588 0.983182 0.131500 0.000000 0.000000 0.000000 1.000000
0.999880 0.014386 -0.005676 -0.000000 -0.015213 0.980954 -0.193642 10.181600 0.002782 0.193705 0.981056 0.131500 0.000000 0.000000 0.000000 1.000000
0.999692 0.023251 -0.008695 -0.000000 -0.024536 0.978634 -0.204139 10.181600 0.003763 0.204289 0.978903 0.131500 0.000000 0.000000 0.000000 1.000000
0.999485 0.030691 -0.009337 0.000000 -0.031978 0.976327 -0.213921 10.181600 0.002550 0.214109 0.976806 0.131500 0.000000 0.000000 0.000000 1.000000
0.999306 0.036242 -0.008586 -0.000000 -0.037244 0.974140 -0.222852 10.181600 0.000288 0.223018 0.974814 0.131500 0.000000 0.000000 0.000000 1.000000
0.999111 0.041484 -0.007569 -0.000000 -0.042110 0.972050 -0.230966 10.181600 -0.002224 0.231079 0.972932 0.131500 0.000000 0.000000 0.000000 1.000000
0.998909 0.046269 -0.006273 0.000000 -0.046431 0.970110 -0.238182 10.181600 -0.004935 0.238213 0.971200 0.131500 0.000000 0.000000 0.000000 1.000000
0.998712 0.050522 -0.004614 -0.000000 -0.050116 0.968370 -0.244432 10.181600 -0.007881 0.244349 0.969655 0.131500 0.000000 0.000000 0.000000 1.000000
0.998540 0.053945 -0.002753 -0.000000 -0.052923 0.966891 -0.249642 10.181600 -0.010805 0.249423 0.968334 0.131500 0.000000 0.000000 0.000000 1.000000
0.998394 0.056636 -0.001322 0.000000 -0.055110 0.965567 -0.254249 10.181600 -0.013123 0.253914 0.967138 0.131500 0.000000 0.000000 0.000000 1.000000
0.998260 0.058957 -0.000610 0.000000 -0.057114 0.964386 -0.258257 10.181600 -0.014638 0.257843 0.966076 0.131500 0.000000 0.000000 0.000000 1.000000
0.998138 0.060988 -0.000594 0.000000 -0.059019 0.963365 -0.261620 10.181600 -0.015383 0.261168 0.965171 0.131500 0.000000 0.000000 0.000000 1.000000
0.998022 0.062847 -0.001156 0.000000 -0.060919 0.962538 -0.264216 10.181600 -0.015492 0.263764 0.964463 0.131500 0.000000 0.000000 0.000000 1.000000
0.997935 0.064202 -0.002035 -0.000000 -0.062427 0.961911 -0.266140 10.181600 -0.015129 0.265717 0.963932 0.131500 0.000000 0.000000 0.000000 1.000000
0.997886 0.064930 -0.002871 0.000000 -0.063329 0.961461 -0.267549 10.181600 -0.014612 0.267165 0.963540 0.131500 0.000000 0.000000 0.000000 1.000000
0.997900 0.064664 -0.003724 0.000000 -0.063286 0.961161 -0.268636 10.181600 -0.013792 0.268308 0.963235 0.131500 0.000000 0.000000 0.000000 1.000000
0.998023 0.062700 -0.004239 -0.000000 -0.061520 0.961010 -0.269582 10.181600 -0.012829 0.269310 0.962968 0.131500 0.000000 0.000000 0.000000 1.000000
0.998196 0.059861 -0.004655 -0.000000 -0.058885 0.960882 -0.270625 10.181600 -0.011727 0.270411 0.962674 0.131500 0.000000 0.000000 0.000000 1.000000
0.998367 0.056904 -0.005103 0.000000 -0.056145 0.960669 -0.271962 10.181600 -0.010574 0.271804 0.962294 0.131500 0.000000 0.000000 0.000000 1.000000
0.998522 0.054068 -0.005543 -0.000000 -0.053520 0.960371 -0.273539 10.181600 -0.009466 0.273431 0.961845 0.131500 0.000000 0.000000 0.000000 1.000000
0.998660 0.051414 -0.005847 0.000000 -0.051035 0.959985 -0.275362 10.181600 -0.008544 0.275292 0.961323 0.131500 0.000000 0.000000 0.000000 1.000000
0.998782 0.048984 -0.005970 0.000000 -0.048717 0.959510 -0.277428 10.181600 -0.007861 0.277381 0.960728 0.131500 0.000000 0.000000 0.000000 1.000000
0.998887 0.046788 -0.005923 0.000000 -0.046576 0.958949 -0.279728 10.181600 -0.007408 0.279692 0.960061 0.131500 0.000000 0.000000 0.000000 1.000000
0.998976 0.044875 -0.005775 0.000000 -0.044681 0.958365 -0.282030 10.181600 -0.007121 0.281999 0.959388 0.131500 0.000000 0.000000 0.000000 1.000000
0.999050 0.043162 -0.006076 -0.000000 -0.043109 0.957812 -0.284145 10.181600 -0.006445 0.284137 0.958762 0.131500 0.000000 0.000000 0.000000 1.000000
0.999108 0.041683 -0.006830 0.000000 -0.041895 0.957298 -0.286050 10.181600 -0.005385 0.286081 0.958190 0.131500 0.000000 0.000000 0.000000 1.000000
0.999148 0.040492 -0.007975 0.000000 -0.041074 0.956842 -0.287691 10.181600 -0.004018 0.287773 0.957690 0.131500 0.000000 0.000000 0.000000 1.000000
0.999170 0.039637 -0.009441 0.000000 -0.040674 0.956461 -0.289013 10.181600 -0.002426 0.289157 0.957279 0.131500 0.000000 0.000000 0.000000 1.000000
0.999171 0.039162 -0.011157 0.000000 -0.040715 0.956172 -0.289963 10.181600 -0.000687 0.290176 0.956973 0.131500 0.000000 0.000000 0.000000 1.000000
0.999150 0.039105 -0.013051 -0.000000 -0.041210 0.955992 -0.290485 10.181600 0.001118 0.290776 0.956791 0.131500 0.000000 0.000000 0.000000 1.000000
0.999106 0.039510 -0.015052 0.000000 -0.042179 0.955941 -0.290514 10.181600 0.002910 0.290889 0.956752 0.131500 0.000000 0.000000 0.000000 1.000000
0.999040 0.040348 -0.017081 0.000000 -0.043570 0.956028 -0.290022 10.181600 0.004628 0.290488 0.956867 0.131500 0.000000 0.000000 0.000000 1.000000
0.998965 0.041316 -0.019040 0.000000 -0.045060 0.956207 -0.289201 10.181600 0.006257 0.289760 0.957079 0.131500 0.000000 0.000000 0.000000 1.000000
0.998885 0.042370 -0.020814 0.000000 -0.046574 0.956446 -0.288171 10.181600 0.007698 0.288819 0.957353 0.131500 0.000000 0.000000 0.000000 1.000000
0.998798 0.043705 -0.022210 0.000000 -0.048246 0.956683 -0.287107 10.181600 0.008700 0.287833 0.957641 0.131500 0.000000 0.000000 0.000000 1.000000
0.998713 0.045093 -0.023199 0.000000 -0.049850 0.956920 -0.286039 10.181600 0.009301 0.286828 0.957937 0.131500 0.000000 0.000000 0.000000 1.000000
0.998651 0.046114 -0.023848 -0.000000 -0.051006 0.957135 -0.285116 10.181600 0.009678 0.285948 0.958196 0.131500 0.000000 0.000000 0.000000 1.000000
0.998617 0.046724 -0.024095 0.000000 -0.051652 0.957370 -0.284209 10.181600 0.009788 0.285060 0.958460 0.131500 0.000000 0.000000 0.000000 1.000000
0.998622 0.046580 -0.024166 0.000000 -0.051521 0.957744 -0.282969 10.181600 0.009964 0.283825 0.958824 0.131500 0.000000 0.000000 0.000000 1.000000
0.998637 0.046109 -0.024446 0.000000 -0.051132 0.958209 -0.281463 10.181600 0.010446 0.282330 0.959260 0.131500 0.000000 0.000000 0.000000 1.000000
0.998657 0.045427 -0.024925 0.000000 -0.050593 0.958732 -0.279774 10.181600 0.011187 0.280659 0.959742 0.131500 0.000000 0.000000 0.000000 1.000000
0.998680 0.044526 -0.025590 -0.000000 -0.049892 0.959306 -0.277927 10.181600 0.012173 0.278837 0.960261 0.131500 0.000000 0.000000 0.000000 1.000000
0.998708 0.043395 -0.026429 0.000000 -0.049012 0.959923 -0.275945 10.181600 0.013396 0.276884 0.960810 0.131500 0.000000 0.000000 0.000000 1.000000
0.998735 0.042197 -0.027357 -0.000000 -0.048088 0.960538 -0.273961 10.181600 0.014717 0.274930 0.961352 0.131500 0.000000 0.000000 0.000000 1.000000
0.998753 0.041140 -0.028270 -0.000000 -0.047291 0.961103 -0.272110 10.181600 0.015976 0.273107 0.961851 0.131500 0.000000 0.000000 0.000000 1.000000
0.998764 0.040278 -0.029133 -0.000000 -0.046668 0.961610 -0.270422 10.181600 0.017123 0.271447 0.962301 0.131500 0.000000 0.000000 0.000000 1.000000
0.998768 0.039565 -0.029964 0.000000 -0.046178 0.962056 -0.268915 10.181600 0.018188 0.269967 0.962698 0.131500 0.000000 0.000000 0.000000 1.000000
0.998770 0.038837 -0.030833 0.000000 -0.045685 0.962459 -0.267556 10.181600 0.019284 0.268636 0.963049 0.131500 0.000000 0.000000 0.000000 1.000000
0.998770 0.038090 -0.031733 0.000000 -0.045180 0.962830 -0.266302 10.181600 0.020410 0.267408 0.963367 0.131500 0.000000 0.000000 0.000000 1.000000
0.998769 0.037345 -0.032646 0.000000 -0.044680 0.963182 -0.265113 10.181600 0.021544 0.266245 0.963665 0.131500 0.000000 0.000000 0.000000 1.000000
0.998766 0.036627 -0.033553 0.000000 -0.044202 0.963523 -0.263949 10.181600 0.022661 0.265106 0.963953 0.131500 0.000000 0.000000 0.000000 1.000000
0.998762 0.035890 -0.034433 0.000000 -0.043697 0.963858 -0.262809 10.181600 0.023756 0.263988 0.964233 0.131500 0.000000 0.000000 0.000000 1.000000
0.998758 0.035201 -0.035269 0.000000 -0.043222 0.964200 -0.261630 10.181600 0.024797 0.262830 0.964524 0.131500 0.000000 0.000000 0.000000 1.000000
0.998752 0.034578 -0.036043 -0.000000 -0.042791 0.964558 -0.260380 10.181600 0.025762 0.261597 0.964833 0.131500 0.000000 0.000000 0.000000 1.000000
0.998746 0.033987 -0.036768 0.000000 -0.042376 0.964908 -0.259147 10.181600 0.026670 0.260380 0.965138 0.131500 0.000000 0.000000 0.000000 1.000000
