<?xml version="1.0" encoding="utf-8"?>
<COLLADA xmlns="http://www.collada.org/2005/11/COLLADASchema" version="1.4.1">
  <asset><contributor><author>Mixamo</author><authoring_tool>COLLADA Mixamo exporter</authoring_tool><comments></comments></contributor><created>2019-03-19T12:36:00Z</created><modified>2019-03-19T12:36:00Z</modified><revision></revision><title></title><unit meter="0.010000"/><up_axis>Y_UP</up_axis></asset>
  <library_animations>
    <animation id="mixamorig_Hips-anim" name="mixamorig_Hips"><source id="mixamorig_Hips-Matrix-animation-input"><float_array id="mixamorig_Hips-Matrix-animation-input-array" count="76">

0.000000 0.033333 0.066667 0.100000 0.133333 0.166667 0.200000 0.233333 0.266667 0.300000 0.333333 0.366667 0.400000 0.433333 0.466667 0.500000
0.533333 0.566667 0.600000 0.633333 0.666667 0.700000 0.733333 0.766667 0.800000 0.833333 0.866667 0.900000 0.933333 0.966667 1.000000 1.033333
1.066667 1.100000 1.133333 1.166667 1.200000 1.233333 1.266667 1.300000 1.333333 1.366667 1.400000 1.433333 1.466667 1.500000 1.533333 1.566667
1.600000 1.633333 1.666667 1.700000 1.733333 1.766667 1.800000 1.833333 1.866667 1.900000 1.933333 1.966667 2.000000 2.033333 2.066667 2.100000
2.133333 2.166667 2.200000 2.233333 2.266667 2.300000 2.333333 2.366667 2.400000 2.433333 2.466667 2.500000</float_array><technique_common><accessor source="#mixamorig_Hips-Matrix-animation-input-array" count="76"><param name="TIME" type="float"/></accessor></technique_common></source><source id="mixamorig_Hips-Matrix-animation-output-transform"><float_array id="mixamorig_Hips-Matrix-animation-output-transform-array" count="1216">

0.990738 -0.032687 0.131791 -0.222003 0.113131 0.735464 -0.668052 49.834587 -0.075091 0.676775 0.732350 2.133604 0.000000 0.000000 0.000000 1.000000
0.990701 -0.033105 0.131969 -0.219410 0.113561 0.735420 -0.668028 49.811104 -0.074937 0.676803 0.732341 2.125379 0.000000 0.000000 0.000000 1.000000
0.990745 -0.032920 0.131682 -0.213086 0.113202 0.735697 -0.667784 49.795357 -0.074895 0.676511 0.732615 2.114822 0.000000 0.000000 0.000000 1.000000
0.990794 -0.032727 0.131361 -0.207387 0.112788 0.736210 -0.667288 49.787292 -0.074871 0.675961 0.733124 2.102728 0.000000 0.000000 0.000000 1.000000
0.990821 -0.032559 0.131199 -0.203569 0.112509 0.736632 -0.666869 49.786304 -0.074933 0.675509 0.733534 2.089978 0.000000 0.000000 0.000000 1.000000
0.990850 -0.032284 0.131049 -0.200743 0.112194 0.736756 -0.666785 49.789520 -0.075025 0.675387 0.733637 2.078795 0.000000 0.000000 0.000000 1.000000
0.990877 -0.032065 0.130897 -0.193309 0.111929 0.736780 -0.666804 49.789555 -0.075062 0.675372 0.733648 2.069621 0.000000 0.000000 0.000000 1.000000
0.990893 -0.032055 0.130778 -0.182014 0.111812 0.737037 -0.666540 49.783501 -0.075022 0.675092 0.733909 2.064049 0.000000 0.000000 0.000000 1.000000
0.990910 -0.032066 0.130650 -0.172377 0.111680 0.737526 -0.666020 49.775681 -0.075001 0.674557 0.734403 2.061352 0.000000 0.000000 0.000000 1.000000
0.990933 -0.031933 0.130504 -0.165340 0.111431 0.738014 -0.665522 49.766953 -0.075061 0.674030 0.734881 2.055634 0.000000 0.000000 0.000000 1.000000
0.990947 -0.031692 0.130458 -0.159964 0.111181 0.738391 -0.665144 49.755692 -0.075250 0.673627 0.735230 2.044523 0.000000 0.000000 0.000000 1.000000
0.990936 -0.031400 0.130613 -0.155590 0.111034 0.738723 -0.664801 49.745232 -0.075612 0.673278 0.735513 2.029696 0.000000 0.000000 0.000000 1.000000
0.990908 -0.031048 0.130910 -0.151240 0.110939 0.739044 -0.664460 49.737591 -0.076118 0.672942 0.735769 2.009073 0.000000 0.000000 0.000000 1.000000
0.990880 -0.030528 0.131243 -0.146084 0.110750 0.739319 -0.664185 49.731018 -0.076754 0.672663 0.735957 1.981183 0.000000 0.000000 0.000000 1.000000
0.990879 -0.029841 0.131407 -0.142204 0.110331 0.739538 -0.664011 49.726433 -0.077366 0.672453 0.736085 1.952102 0.000000 0.000000 0.000000 1.000000
0.990904 -0.029275 0.131345 -0.141572 0.109849 0.739752 -0.663853 49.721107 -0.077728 0.672243 0.736239 1.927355 0.000000 0.000000 0.000000 1.000000
0.990928 -0.028990 0.131228 -0.140010 0.109529 0.740034 -0.663591 49.711838 -0.077876 0.671944 0.736496 1.906919 0.000000 0.000000 0.000000 1.000000
0.990952 -0.028733 0.131106 -0.134413 0.109217 0.740385 -0.663251 49.701698 -0.078012 0.671568 0.736824 1.889341 0.000000 0.000000 0.000000 1.000000
0.990994 -0.028391 0.130861 -0.128576 0.108761 0.740743 -0.662926 49.693886 -0.078113 0.671188 0.737160 1.873246 0.000000 0.000000 0.000000 1.000000
0.991043 -0.028137 0.130543 -0.123117 0.108323 0.741078 -0.662623 49.686230 -0.078099 0.670829 0.737488 1.856399 0.000000 0.000000 0.000000 1.000000
0.991080 -0.027889 0.130315 -0.114016 0.107951 0.741395 -0.662329 49.677200 -0.078143 0.670489 0.737793 1.839275 0.000000 0.000000 0.000000 1.000000
0.991116 -0.027587 0.130108 -0.104263 0.107560 0.741654 -0.662103 49.671124 -0.078230 0.670216 0.738032 1.823094 0.000000 0.000000 0.000000 1.000000
0.991162 -0.027270 0.129820 -0.097793 0.107106 0.741901 -0.661900 49.668732 -0.078264 0.669955 0.738265 1.806956 0.000000 0.000000 0.000000 1.000000
0.991212 -0.026908 0.129520 -0.093871 0.106604 0.742203 -0.661642 49.666283 -0.078327 0.669634 0.738549 1.790391 0.000000 0.000000 0.000000 1.000000
0.991243 -0.026683 0.129330 -0.089108 0.106277 0.742497 -0.661364 49.662979 -0.078379 0.669317 0.738831 1.775287 0.000000 0.000000 0.000000 1.000000
0.991241 -0.026677 0.129340 -0.080187 0.106258 0.742678 -0.661164 49.657890 -0.078420 0.669117 0.739008 1.763238 0.000000 0.000000 0.000000 1.000000
0.991235 -0.026693 0.129385 -0.068471 0.106283 0.742820 -0.661000 49.650581 -0.078466 0.668958 0.739147 1.755962 0.000000 0.000000 0.000000 1.000000
0.991253 -0.026656 0.129257 -0.056569 0.106145 0.743033 -0.660783 49.643593 -0.078428 0.668723 0.739363 1.752170 0.000000 0.000000 0.000000 1.000000
0.991292 -0.026492 0.128993 -0.046196 0.105814 0.743332 -0.660501 49.638702 -0.078387 0.668398 0.739662 1.749227 0.000000 0.000000 0.000000 1.000000
0.991353 -0.026100 0.128603 -0.038355 0.105229 0.743644 -0.660243 49.635189 -0.078402 0.668067 0.739960 1.745889 0.000000 0.000000 0.000000 1.000000
0.991421 -0.025617 0.128172 -0.032771 0.104563 0.743827 -0.660142 49.630516 -0.078427 0.667881 0.740125 1.738845 0.000000 0.000000 0.000000 1.000000
0.991471 -0.025094 0.127892 -0.028194 0.103976 0.743956 -0.660089 49.624783 -0.078582 0.667757 0.740220 1.728747 0.000000 0.000000 0.000000 1.000000
0.991508 -0.024476 0.127720 -0.023121 0.103382 0.744151 -0.659964 49.618397 -0.078890 0.667563 0.740362 1.717529 0.000000 0.000000 0.000000 1.000000
0.991557 -0.023976 0.127439 -0.015735 0.102806 0.744327 -0.659855 49.609772 -0.079036 0.667385 0.740507 1.702217 0.000000 0.000000 0.000000 1.000000
0.991624 -0.023677 0.126973 -0.012084 0.102261 0.744446 -0.659806 49.600853 -0.078902 0.667263 0.740631 1.685526 0.000000 0.000000 0.000000 1.000000
0.991694 -0.023427 0.126466 -0.018500 0.101729 0.744524 -0.659799 49.596004 -0.078699 0.667184 0.740723 1.679108 0.000000 0.000000 0.000000 1.000000
0.991745 -0.023310 0.126087 -0.028917 0.101390 0.744527 -0.659848 49.594891 -0.078494 0.667185 0.740745 1.685784 0.000000 0.000000 0.000000 1.000000
0.991777 -0.023380 0.125824 -0.038188 0.101273 0.744471 -0.659930 49.595222 -0.078243 0.667246 0.740717 1.696291 0.000000 0.000000 0.000000 1.000000
0.991799 -0.023569 0.125615 -0.047121 0.101286 0.744367 -0.660045 49.596638 -0.077947 0.667355 0.740650 1.706071 0.000000 0.000000 0.000000 1.000000
0.991812 -0.023851 0.125462 -0.056562 0.101412 0.744207 -0.660206 49.599438 -0.077623 0.667523 0.740532 1.716442 0.000000 0.000000 0.000000 1.000000
0.991812 -0.024248 0.125382 -0.066211 0.101675 0.743996 -0.660402 49.603474 -0.077270 0.667743 0.740370 1.727886 0.000000 0.000000 0.000000 1.000000
0.991802 -0.024749 0.125362 -0.075937 0.102061 0.743748 -0.660623 49.608589 -0.076888 0.668001 0.740177 1.739845 0.000000 0.000000 0.000000 1.000000
0.991784 -0.025337 0.125392 -0.085858 0.102547 0.743466 -0.660865 49.614643 -0.076480 0.668293 0.739956 1.752159 0.000000 0.000000 0.000000 1.000000
0.991757 -0.026004 0.125467 -0.096023 0.103124 0.743154 -0.661126 49.621571 -0.076049 0.668615 0.739710 1.764850 0.000000 0.000000 0.000000 1.000000
0.991723 -0.026743 0.125582 -0.106413 0.103784 0.742817 -0.661401 49.629230 -0.075596 0.668960 0.739444 1.777813 0.000000 0.000000 0.000000 1.000000
0.991682 -0.027544 0.125730 -0.117045 0.104514 0.742461 -0.661686 49.637512 -0.075124 0.669323 0.739164 1.790905 0.000000 0.000000 0.000000 1.000000
0.991636 -0.028397 0.125906 -0.127950 0.105301 0.742090 -0.661978 49.646305 -0.074635 0.669699 0.738873 1.804053 0.000000 0.000000 0.000000 1.000000
0.991584 -0.029295 0.126104 -0.139137 0.106137 0.741709 -0.662271 49.655506 -0.074132 0.670082 0.738576 1.817147 0.000000 0.000000 0.000000 1.000000
0.991529 -0.030225 0.126317 -0.150583 0.107006 0.741323 -0.662563 49.664955 -0.073616 0.670467 0.738278 1.830070 0.000000 0.000000 0.000000 1.000000
0.991471 -0.031181 0.126540 -0.162361 0.107900 0.740938 -0.662848 49.674557 -0.073089 0.670849 0.737984 1.842746 0.000000 0.000000 0.000000 1.000000
0.991411 -0.032153 0.126766 -0.174477 0.108807 0.740559 -0.663124 49.684250 -0.072556 0.671221 0.737697 1.855054 0.000000 0.000000 0.000000 1.000000
0.991350 -0.033133 0.126992 -0.186932 0.109719 0.740190 -0.663385 49.693886 -0.072018 0.671581 0.737423 1.866929 0.000000 0.000000 0.000000 1.000000
0.991289 -0.034117 0.127209 -0.199796 0.110624 0.739837 -0.663629 49.703388 -0.071473 0.671920 0.737167 1.878295 0.000000 0.000000 0.000000 1.000000
0.991229 -0.035090 0.127409 -0.213161 0.111507 0.739507 -0.663849 49.712597 -0.070925 0.672234 0.736934 1.888899 0.000000 0.000000 0.000000 1.000000
0.991171 -0.036025 0.127599 -0.226767 0.112354 0.739202 -0.664046 49.721367 -0.070399 0.672520 0.736723 1.898663 0.000000 0.000000 0.000000 1.000000
0.991115 -0.036956 0.127771 -0.240545 0.113181 0.738924 -0.664215 49.729698 -0.069866 0.672775 0.736541 1.908098 0.000000 0.000000 0.000000 1.000000
0.991067 -0.037914 0.127865 -0.255800 0.113970 0.738691 -0.664339 49.737606 -0.069265 0.672977 0.736413 1.916417 0.000000 0.000000 0.000000 1.000000
0.991028 -0.038646 0.127945 -0.271904 0.114578 0.738525 -0.664419 49.744194 -0.068814 0.673118 0.736327 1.920471 0.000000 0.000000 0.000000 1.000000
0.990969 -0.038894 0.128329 -0.282278 0.115030 0.738406 -0.664473 49.748417 -0.068915 0.673233 0.736212 1.921449 0.000000 0.000000 0.000000 1.000000
0.990862 -0.039025 0.129107 -0.283684 0.115654 0.738341 -0.664437 49.749405 -0.069395 0.673297 0.736108 1.926672 0.000000 0.000000 0.000000 1.000000
0.990738 -0.039323 0.129968 -0.281117 0.116458 0.738271 -0.664374 49.744656 -0.069827 0.673357 0.736013 1.935322 0.000000 0.000000 0.000000 1.000000
0.990650 -0.039461 0.130596 -0.281136 0.117006 0.738020 -0.664557 49.734428 -0.070158 0.673624 0.735736 1.940001 0.000000 0.000000 0.000000 1.000000
0.990622 -0.039146 0.130903 -0.287089 0.117014 0.737704 -0.664907 49.726440 -0.070539 0.673989 0.735366 1.945367 0.000000 0.000000 0.000000 1.000000
0.990616 -0.038551 0.131124 -0.294487 0.116750 0.737480 -0.665202 49.726429 -0.071057 0.674268 0.735060 1.958541 0.000000 0.000000 0.000000 1.000000
0.990601 -0.037891 0.131431 -0.300511 0.116500 0.737228 -0.665524 49.733479 -0.071677 0.674580 0.734713 1.976843 0.000000 0.000000 0.000000 1.000000
0.990586 -0.037218 0.131738 -0.306044 0.116246 0.736931 -0.665897 49.744034 -0.072298 0.674942 0.734320 1.995297 0.000000 0.000000 0.000000 1.000000
0.990595 -0.036531 0.131862 -0.311270 0.115852 0.736695 -0.666228 49.754776 -0.072804 0.675238 0.733998 2.012061 0.000000 0.000000 0.000000 1.000000
0.990626 -0.035792 0.131829 -0.315531 0.115310 0.736506 -0.666530 49.763798 -0.073237 0.675483 0.733729 2.028368 0.000000 0.000000 0.000000 1.000000
0.990651 -0.035075 0.131832 -0.317500 0.114817 0.736238 -0.666912 49.770031 -0.073668 0.675814 0.733382 2.044360 0.000000 0.000000 0.000000 1.000000
0.990644 -0.034585 0.132016 -0.313671 0.114628 0.735828 -0.667397 49.772671 -0.074059 0.676285 0.732908 2.057937 0.000000 0.000000 0.000000 1.000000
0.990604 -0.034334 0.132382 -0.301730 0.114738 0.735409 -0.667839 49.772873 -0.074426 0.676753 0.732439 2.068469 0.000000 0.000000 0.000000 1.000000
0.990582 -0.034086 0.132611 -0.287346 0.114729 0.735249 -0.668017 49.775230 -0.074732 0.676940 0.732235 2.080385 0.000000 0.000000 0.000000 1.000000
0.990603 -0.033609 0.132573 -0.273465 0.114343 0.735360 -0.667961 49.784405 -0.075040 0.676843 0.732293 2.094337 0.000000 0.000000 0.000000 1.000000
0.990639 -0.033071 0.132438 -0.256532 0.113844 0.735494 -0.667899 49.801102 -0.075319 0.676724 0.732374 2.107301 0.000000 0.000000 0.000000 1.000000
0.990680 -0.032888 0.132183 -0.238083 0.113537 0.735515 -0.667928 49.820904 -0.075256 0.676710 0.732393 2.120111 0.000000 0.000000 0.000000 1.000000
0.990739 -0.032684 0.131791 -0.221982 0.113129 0.735459 -0.668058 49.834644 -0.075092 0.676780 0.732346 2.133701 0.000000 0.000000 0.000000 1.000000</float_array><technique_common><accessor source="#mixamorig_Hips-Matrix-animation-output-transform-array" count="76" stride="16"><param type="float4x4"/></accessor></technique_common></source><source id="mixamorig_Hips-Interpolations"><Name_array id="mixamorig_Hips-Interpolations-array" count="76">
 LINEAR LINEAR LINEAR LINEAR LINEAR LINEAR LINEAR LINEAR LINEAR LINEAR LINEAR
LINEAR LINEAR LINEAR LINEAR LINEAR LINEAR LINEAR LINEAR LINEAR LINEAR LINEAR LINEAR
LINEAR LINEAR LINEAR LINEAR LINEAR LINEAR LINEAR LINEAR LINEAR LINEAR LINEAR LINEAR
LINEAR LINEAR LINEAR LINEAR LINEAR LINEAR LINEAR LINEAR LINEAR LINEAR LINEAR LINEAR
LINEAR LINEAR LINEAR LINEAR LINEAR LINEAR LINEAR LINEAR LINEAR LINEAR LINEAR LINEAR
LINEAR LINEAR LINEAR LINEAR LINEAR LINEAR LINEAR LINEAR LINEAR LINEAR LINEAR LINEAR
LINEAR LINEAR LINEAR LINEAR LINEAR</Name_array><technique_common><accessor source="#mixamorig_Hips-Interpolations-array" count="76"><param type="name"/></accessor></technique_common></source><sampler id="mixamorig_Hips-Matrix-animation-transform"><input semantic="INPUT" source="#mixamorig_Hips-Matrix-animation-input"/><input semantic="OUTPUT" source="#mixamorig_Hips-Matrix-animation-output-transform"/><input semantic="INTERPOLATION" source="#mixamorig_Hips-Interpolations"/></sampler><channel source="#mixamorig_Hips-Matrix-animation-transform" target="mixamorig_Hips/matrix"/></animation>
    <animation id="mixamorig_Spine-anim" name="mixamorig_Spine"><source id="mixamorig_Spine-Matrix-animation-input"><float_array id="mixamorig_Spine-Matrix-animation-input-array" count="76">

0.000000 0.033333 0.066667 0.100000 0.133333 0.166667 0.200000 0.233333 0.266667 0.300000 0.333333 0.366667 0.400000 0.433333 0.466667 0.500000
0.533333 0.566667 0.600000 0.633333 0.666667 0.700000 0.733333 0.766667 0.800000 0.833333 0.866667 0.900000 0.933333 0.966667 1.000000 1.033333
1.066667 1.100000 1.133333 1.166667 1.200000 1.233333 1.266667 1.300000 1.333333 1.366667 1.400000 1.433333 1.466667 1.500000 1.533333 1.566667
1.600000 1.633333 1.666667 1.700000 1.733333 1.766667 1.800000 1.833333 1.866667 1.900000 1.933333 1.966667 2.000000 2.033333 2.066667 2.100000
2.133333 2.166667 2.200000 2.233333 2.266667 2.300000 2.333333 2.366667 2.400000 2.433333 2.466667 2.500000</float_array><technique_common><accessor source="#mixamorig_Spine-Matrix-animation-input-array" count="76"><param name="TIME" type="float"/></accessor></technique_common></source><source id="mixamorig_Spine-Matrix-animation-output-transform"><float_array id="mixamorig_Spine-Matrix-animation-output-transform-array" count="1216">

0.999420 0.031304 -0.013395 0.000000 -0.032729 0.991696 -0.124368 10.181600 0.009390 0.124734 0.992146 0.131500 0.000000 0.000000 0.000000 1.000000
0.999416 0.031450 -0.013343 -0.000000 -0.032866 0.991700 -0.124299 10.181600 0.009323 0.124665 0.992155 0.131500 0.000000 0.000000 0.000000 1.000000
0.999417 0.031436 -0.013289 0.000000 -0.032846 0.991694 -0.124357 10.181600 0.009270 0.124721 0.992148 0.131500 0.000000 0.000000 0.000000 1.000000
0.999419 0.031440 -0.013167 0.000000 -0.032837 0.991666 -0.124577 10.181600 0.009141 0.124937 0.992123 0.131500 0.000000 0.000000 0.000000 1.000000
0.999420 0.031438 -0.013070 0.000000 -0.032824 0.991655 -0.124674 10.181600 0.009041 0.125031 0.992112 0.131500 0.000000 0.000000 0.000000 1.000000
0.999420 0.031465 -0.013013 0.000000 -0.032844 0.991653 -0.124678 10.181600 0.008982 0.125033 0.992112 0.131500 0.000000 0.000000 0.000000 1.000000
0.999421 0.031442 -0.013034 0.000000 -0.032824 0.991647 -0.124736 10.181600 0.009003 0.125092 0.992104 0.131500 0.000000 0.000000 0.000000 1.000000
0.999422 0.031385 -0.013055 0.000000 -0.032771 0.991643 -0.124784 10.181600 0.009029 0.125140 0.992098 0.131500 0.000000 0.000000 0.000000 1.000000
0.999423 0.031370 -0.013015 -0.000000 -0.032752 0.991630 -0.124890 10.181600 0.008989 0.125245 0.992085 0.131500 0.000000 0.000000 0.000000 1.000000
0.999426 0.031277 -0.013010 0.000000 -0.032660 0.991616 -0.125023 10.181600 0.008991 0.125376 0.992069 0.131500 0.000000 0.000000 0.000000 1.000000
0.999428 0.031230 -0.013014 -0.000000 -0.032614 0.991611 -0.125078 10.181600 0.008999 0.125430 0.992062 0.131500 0.000000 0.000000 0.000000 1.000000
0.999429 0.031175 -0.013011 0.000000 -0.032559 0.991620 -0.125021 10.181600 0.009004 0.125373 0.992069 0.131500 0.000000 0.000000 0.000000 1.000000
0.999431 0.031125 -0.012980 0.000000 -0.032506 0.991617 -0.125056 10.181600 0.008979 0.125406 0.992065 0.131500 0.000000 0.000000 0.000000 1.000000
0.999434 0.031060 -0.012958 -0.000000 -0.032439 0.991612 -0.125114 10.181600 0.008963 0.125464 0.992058 0.131500 0.000000 0.000000 0.000000 1.000000
0.999438 0.030900 -0.013008 0.000000 -0.032286 0.991624 -0.125057 10.181600 0.009034 0.125407 0.992064 0.131500 0.000000 0.000000 0.000000 1.000000
0.999439 0.030895 -0.012899 0.000000 -0.032268 0.991614 -0.125138 10.181600 0.008924 0.125484 0.992055 0.131500 0.000000 0.000000 0.000000 1.000000
0.999440 0.030907 -0.012855 0.000000 -0.032275 0.991619 -0.125102 10.181600 0.008881 0.125447 0.992061 0.131500 0.000000 0.000000 0.000000 1.000000
0.999441 0.030874 -0.012796 0.000000 -0.032233 0.991624 -0.125072 10.181600 0.008828 0.125414 0.992065 0.131500 0.000000 0.000000 0.000000 1.000000
0.999442 0.030879 -0.012706 0.000000 -0.032227 0.991628 -0.125039 10.181600 0.008739 0.125379 0.992070 0.131500 0.000000 0.000000 0.000000 1.000000
0.999445 0.030813 -0.012648 0.000000 -0.032154 0.991637 -0.124989 10.181600 0.008691 0.125327 0.992077 0.131500 0.000000 0.000000 0.000000 1.000000
0.999446 0.030798 -0.012621 -0.000000 -0.032135 0.991641 -0.124964 10.181600 0.008667 0.125301 0.992081 0.131500 0.000000 0.000000 0.000000 1.000000
0.999448 0.030754 -0.012542 0.000000 -0.032082 0.991639 -0.124988 10.181600 0.008593 0.125321 0.992079 0.131500 0.000000 0.000000 0.000000 1.000000
0.999452 0.030659 -0.012487 0.000000 -0.031981 0.991635 -0.125045 10.181600 0.008548 0.125376 0.992072 0.131500 0.000000 0.000000 0.000000 1.000000
0.999455 0.030589 -0.012443 -0.000000 -0.031907 0.991633 -0.125087 10.181600 0.008512 0.125416 0.992068 0.131500 0.000000 0.000000 0.000000 1.000000
0.999457 0.030522 -0.012378 0.000000 -0.031833 0.991627 -0.125151 10.181600 0.008454 0.125477 0.992061 0.131500 0.000000 0.000000 0.000000 1.000000
0.999459 0.030513 -0.012309 -0.000000 -0.031815 0.991630 -0.125134 10.181600 0.008387 0.125458 0.992063 0.131500 0.000000 0.000000 0.000000 1.000000
0.999458 0.030540 -0.012291 0.000000 -0.031838 0.991639 -0.125054 10.181600 0.008369 0.125377 0.992074 0.131500 0.000000 0.000000 0.000000 1.000000
0.999458 0.030542 -0.012284 -0.000000 -0.031840 0.991637 -0.125071 10.181600 0.008361 0.125394 0.992072 0.131500 0.000000 0.000000 0.000000 1.000000
0.999461 0.030435 -0.012274 0.000000 -0.031733 0.991640 -0.125074 10.181600 0.008365 0.125396 0.992071 0.131500 0.000000 0.000000 0.000000 1.000000
0.999465 0.030336 -0.012228 0.000000 -0.031628 0.991649 -0.125030 10.181600 0.008333 0.125350 0.992078 0.131500 0.000000 0.000000 0.000000 1.000000
0.999468 0.030230 -0.012222 0.000000 -0.031523 0.991648 -0.125065 10.181600 0.008339 0.125384 0.992073 0.131500 0.000000 0.000000 0.000000 1.000000
0.999472 0.030122 -0.012186 -0.000000 -0.031411 0.991653 -0.125054 10.181600 0.008317 0.125371 0.992075 0.131500 0.000000 0.000000 0.000000 1.000000
0.999475 0.030053 -0.012142 0.000000 -0.031337 0.991658 -0.125029 10.181600 0.008283 0.125344 0.992079 0.131500 0.000000 0.000000 0.000000 1.000000
0.999476 0.030029 -0.012098 0.000000 -0.031308 0.991653 -0.125074 10.181600 0.008241 0.125387 0.992074 0.131500 0.000000 0.000000 0.000000 1.000000
0.999481 0.029860 -0.012094 0.000000 -0.031140 0.991659 -0.125071 10.181600 0.008259 0.125382 0.992074 0.131500 0.000000 0.000000 0.000000 1.000000
0.999485 0.029668 -0.012193 0.000000 -0.030961 0.991672 -0.125012 10.181600 0.008383 0.125325 0.992080 0.131500 0.000000 0.000000 0.000000 1.000000
0.999490 0.029470 -0.012280 0.000000 -0.030776 0.991663 -0.125133 10.181600 0.008490 0.125447 0.992064 0.131500 0.000000 0.000000 0.000000 1.000000
0.999494 0.029299 -0.012402 0.000000 -0.030621 0.991680 -0.125035 10.181600 0.008635 0.125351 0.992075 0.131500 0.000000 0.000000 0.000000 1.000000
0.999497 0.029145 -0.012541 0.000000 -0.030486 0.991690 -0.124988 10.181600 0.008794 0.125307 0.992079 0.131500 0.000000 0.000000 0.000000 1.000000
0.999498 0.029084 -0.012598 0.000000 -0.030433 0.991678 -0.125092 10.181600 0.008855 0.125412 0.992065 0.131500 0.000000 0.000000 0.000000 1.000000
0.999497 0.029027 -0.012737 0.000000 -0.030394 0.991681 -0.125083 10.181600 0.009000 0.125407 0.992065 0.131500 0.000000 0.000000 0.000000 1.000000
0.999500 0.028886 -0.012891 0.000000 -0.030272 0.991704 -0.124929 10.181600 0.009176 0.125257 0.992082 0.131500 0.000000 0.000000 0.000000 1.000000
0.999497 0.028958 -0.012941 0.000000 -0.030351 0.991682 -0.125080 10.181600 0.009212 0.125409 0.992062 0.131500 0.000000 0.000000 0.000000 1.000000
0.999497 0.028874 -0.013134 0.000000 -0.030290 0.991709 -0.124881 10.181600 0.009419 0.125216 0.992085 0.131500 0.000000 0.000000 0.000000 1.000000
0.999495 0.028877 -0.013254 0.000000 -0.030308 0.991714 -0.124839 10.181600 0.009540 0.125178 0.992088 0.131500 0.000000 0.000000 0.000000 1.000000
0.999492 0.028955 -0.013326 0.000000 -0.030394 0.991709 -0.124856 10.181600 0.009601 0.125197 0.992085 0.131500 0.000000 0.000000 0.000000 1.000000
0.999492 0.028935 -0.013377 0.000000 -0.030380 0.991715 -0.124813 10.181600 0.009654 0.125156 0.992090 0.131500 0.000000 0.000000 0.000000 1.000000
0.999485 0.029142 -0.013459 0.000000 -0.030595 0.991721 -0.124714 10.181600 0.009713 0.125061 0.992102 0.131500 0.000000 0.000000 0.000000 1.000000
0.999482 0.029218 -0.013527 0.000000 -0.030679 0.991724 -0.124670 10.181600 0.009773 0.125021 0.992106 0.131500 0.000000 0.000000 0.000000 1.000000
0.999475 0.029416 -0.013550 0.000000 -0.030878 0.991717 -0.124678 10.181600 0.009771 0.125031 0.992105 0.131500 0.000000 0.000000 0.000000 1.000000
0.999470 0.029588 -0.013575 -0.000000 -0.031051 0.991718 -0.124624 10.181600 0.009775 0.124979 0.992111 0.131500 0.000000 0.000000 0.000000 1.000000
0.999465 0.029743 -0.013611 -0.000000 -0.031209 0.991716 -0.124598 10.181600 0.009793 0.124956 0.992114 0.131500 0.000000 0.000000 0.000000 1.000000
0.999454 0.030131 -0.013537 0.000000 -0.031585 0.991698 -0.124650 10.181600 0.009669 0.125009 0.992108 0.131500 0.000000 0.000000 0.000000 1.000000
0.999442 0.030556 -0.013517 0.000000 -0.032005 0.991686 -0.124640 10.181600 0.009596 0.125003 0.992110 0.131500 0.000000 0.000000 0.000000 1.000000
0.999436 0.030712 -0.013547 0.000000 -0.032163 0.991679 -0.124654 10.181600 0.009606 0.125020 0.992108 0.131500 0.000000 0.000000 0.000000 1.000000
0.999436 0.030707 -0.013623 0.000000 -0.032167 0.991692 -0.124549 10.181600 0.009686 0.124917 0.992120 0.131500 0.000000 0.000000 0.000000 1.000000
0.999430 0.030903 -0.013608 0.000000 -0.032359 0.991692 -0.124496 10.181600 0.009648 0.124866 0.992127 0.131500 0.000000 0.000000 0.000000 1.000000
0.999423 0.031085 -0.013674 0.000000 -0.032549 0.991675 -0.124584 10.181600 0.009688 0.124957 0.992115 0.131500 0.000000 0.000000 0.000000 1.000000
0.999419 0.031217 -0.013691 0.000000 -0.032683 0.991657 -0.124693 10.181600 0.009684 0.125068 0.992101 0.131500 0.000000 0.000000 0.000000 1.000000
0.999418 0.031196 -0.013767 -0.000000 -0.032672 0.991645 -0.124792 10.181600 0.009759 0.125169 0.992087 0.131500 0.000000 0.000000 0.000000 1.000000
0.999416 0.031275 -0.013775 -0.000000 -0.032752 0.991634 -0.124854 10.181600 0.009754 0.125233 0.992079 0.131500 0.000000 0.000000 0.000000 1.000000
0.999413 0.031342 -0.013815 0.000000 -0.032824 0.991627 -0.124892 10.181600 0.009785 0.125273 0.992074 0.131500 0.000000 0.000000 0.000000 1.000000
0.999413 0.031357 -0.013817 -0.000000 -0.032840 0.991619 -0.124950 10.181600 0.009783 0.125330 0.992067 0.131500 0.000000 0.000000 0.000000 1.000000
0.999416 0.031257 -0.013780 0.000000 -0.032736 0.991624 -0.124938 10.181600 0.009759 0.125317 0.992069 0.131500 0.000000 0.000000 0.000000 1.000000
0.999417 0.031234 -0.013773 0.000000 -0.032712 0.991629 -0.124909 10.181600 0.009756 0.125287 0.992073 0.131500 0.000000 0.000000 0.000000 1.000000
0.999417 0.031246 -0.013791 0.000000 -0.032726 0.991630 -0.124892 10.181600 0.009773 0.125270 0.992075 0.131500 0.000000 0.000000 0.000000 1.000000
0.999417 0.031256 -0.013724 0.000000 -0.032728 0.991627 -0.124918 10.181600 0.009705 0.125294 0.992072 0.131500 0.000000 0.000000 0.000000 1.000000
0.999419 0.031206 -0.013680 0.000000 -0.032674 0.991622 -0.124970 10.181600 0.009666 0.125344 0.992066 0.131500 0.000000 0.000000 0.000000 1.000000
0.999420 0.031187 -0.013686 -0.000000 -0.032655 0.991627 -0.124938 10.181600 0.009675 0.125312 0.992070 0.131500 0.000000 0.000000 0.000000 1.000000
0.999420 0.031202 -0.013652 0.000000 -0.032666 0.991630 -0.124915 10.181600 0.009640 0.125289 0.992074 0.131500 0.000000 0.000000 0.000000 1.000000
0.999418 0.031312 -0.013555 -0.000000 -0.032760 0.991649 -0.124736 10.181600 0.009536 0.125107 0.992097 0.131500 0.000000 0.000000 0.000000 1.000000
0.999415 0.031424 -0.013502 0.000000 -0.032863 0.991664 -0.124592 10.181600 0.009474 0.124963 0.992116 0.131500 0.000000 0.000000 0.000000 1.000000
0.999416 0.031421 -0.013404 0.000000 -0.032849 0.991665 -0.124588 10.181600 0.009378 0.124955 0.992118 0.131500 0.000000 0.000000 0.000000 1.000000
0.999416 0.031444 -0.013366 0.000000 -0.032866 0.991669 -0.124547 10.181600 0.009338 0.124913 0.992124 0.131500 0.000000 0.000000 0.000000 1.000000
0.999419 0.031359 -0.013358 -0.000000 -0.032779 0.991685 -0.124444 10.181600 0.009344 0.124810 0.992137 0.131500 0.000000 0.000000 0.000000 1.000000
0.999422 0.031273 -0.013364 0.000000 -0.032695 0.991697 -0.124368 10.181600 0.009364 0.124733 0.992146 0.131500 0.000000 0.000000 0.000000 1.000000</float_array><technique_common><accessor source="#mixamorig_Spine-Matrix-animation-output-transform-array" count="76" stride="16"><param type="float4x4"/></accessor></technique_common></source><source id="mixamorig_Spine-Interpolations"><Name_array id="mixamorig_Spine-Interpolations-array" count="76">
 LINEAR LINEAR LINEAR LINEAR LINEAR LINEAR LINEAR LINEAR LINEAR LINEAR LINEAR
LINEAR LINEAR LINEAR LINEAR LINEAR LINEAR LINEAR LINEAR LINEAR LINEAR LINEAR LINEAR
LINEAR LINEAR LINEAR LINEAR LINEAR LINEAR LINEAR LINEAR LINEAR LINEAR LINEAR LINEAR
LINEAR LINEAR LINEAR LINEAR LINEAR LINEAR LINEAR LINEAR LINEAR LINEAR LINEAR LINEAR
LINEAR LINEAR LINEAR LINEAR LINEAR LINEAR LINEAR LINEAR LINEAR LINEAR LINEAR LINEAR
LINEAR LINEAR LINEAR LINEAR LINEAR LINEAR LINEAR LINEAR LINEAR LINEAR LINEAR LINEAR
LINEAR LINEAR LINEAR LINEAR LINEAR</Name_array><technique_common><accessor source="#mixamorig_Spine-Interpolations-array" count="76"><param type="name"/></accessor></technique_common></source><sampler id="mixamorig_Spine-Matrix-animation-transform"><input semantic="INPUT" source="#mixamorig_Spine-Matrix-animation-input"/><input semantic="OUTPUT" source="#mixamorig_Spine-Matrix-animation-output-transform"/><input semantic="INTERPOLATION" source="#mixamorig_Spine-Interpolations"/></sampler><channel source="#mixamorig_Spine-Matrix-animation-transform" target="mixamorig_Spine/matrix"/></animation>
    <animation id="mixamorig_Spine1-anim" name="mixamorig_Spine1"><source id="mixamorig_Spine1-Matrix-animation-input"><float_array id="mixamorig_Spine1-Matrix-animation-input-array" count="76">

0.000000 0.033333 0.066667 0.100000 0.133333 0.166667 0.200000 0.233333 0.266667 0.300000 0.333333 0.366667 0.400000 0.433333 0.466667 0.500000
0.533333 0.566667 0.600000 0.633333 0.666667 0.700000 0.733333 0.766667 0.800000 0.833333 0.866667 0.900000 0.933333 0.966667 1.000000 1.033333
1.066667 1.100000 1.133333 1.166667 1.200000 1.233333 1.266667 1.300000 1.333333 1.366667 1.400000 1.433333 1.466667 1.500000 1.533333 1.566667
1.600000 1.633333 1.666667 1.700000 1.733333 1.766667 1.800000 1.833333 1.866667 1.900000 1.933333 1.966667 2.000000 2.033333 2.066667 2.100000
2.133333 2.166667 2.200000 2.233333 2.266667 2.300000 2.333333 2.366667 2.400000 2.433333 2.466667 2.500000</float_array><technique_common><accessor source="#mixamorig_Spine1-Matrix-animation-input-array" count="76"><param name="TIME" type="float"/></accessor></technique_common></source><source id="mixamorig_Spine1-Matrix-animation-output-transform"><float_array id="mixamorig_Spine1-Matrix-animation-output-transform-array" count="1216">

0.999497 0.031614 0.002339 0.000000 -0.030057 0.968545 -0.247016 10.083500 -0.010075 0.246821 0.969009 -1.000800 0.000000 0.000000 0.000000 1.000000
0.999489 0.031856 0.002492 0.000000 -0.030255 0.968573 -0.246882 10.083500 -0.010278 0.246681 0.969042 -1.000800 0.000000 0.000000 0.000000 1.000000
0.999488 0.031890 0.002540 0.000000 -0.030275 0.968544 -0.246993 10.083500 -0.010337 0.246790 0.969014 -1.000800 0.000000 0.000000 0.000000 1.000000
0.999485 0.031977 0.002701 0.000000 -0.030315 0.968434 -0.247420 10.083500 -0.010528 0.247211 0.968905 -1.000800 0.000000 0.000000 0.000000 1.000000
0.999483 0.032030 0.002837 -0.000000 -0.030331 0.968385 -0.247609 10.083500 -0.010678 0.247395 0.968856 -1.000800 0.000000 0.000000 0.000000 1.000000
0.999479 0.032157 0.002889 0.000000 -0.030441 0.968380 -0.247615 10.083500 -0.010760 0.247398 0.968854 -1.000800 0.000000 0.000000 0.000000 1.000000
0.999478 0.032173 0.002805 0.000000 -0.030476 0.968350 -0.247729 10.083500 -0.010687 0.247514 0.968825 -1.000800 0.000000 0.000000 0.000000 1.000000
0.999482 0.032079 0.002734 -0.000000 -0.030401 0.968328 -0.247823 10.083500 -0.010597 0.247611 0.968801 -1.000800 0.000000 0.000000 0.000000 1.000000
0.999482 0.032056 0.002770 0.000000 -0.030368 0.968277 -0.248029 10.083500 -0.010633 0.247816 0.968749 -1.000800 0.000000 0.000000 0.000000 1.000000
0.999488 0.031894 0.002733 0.000000 -0.030218 0.968215 -0.248288 10.083500 -0.010565 0.248078 0.968682 -1.000800 0.000000 0.000000 0.000000 1.000000
0.999489 0.031837 0.002677 -0.000000 -0.030174 0.968189 -0.248394 10.083500 -0.010500 0.248187 0.968655 -1.000800 0.000000 0.000000 0.000000 1.000000
0.999492 0.031755 0.002650 -0.000000 -0.030103 0.968220 -0.248283 10.083500 -0.010450 0.248077 0.968684 -1.000800 0.000000 0.000000 0.000000 1.000000
0.999494 0.031695 0.002686 0.000000 -0.030036 0.968205 -0.248349 10.083500 -0.010472 0.248143 0.968667 -1.000800 0.000000 0.000000 0.000000 1.000000
0.999496 0.031637 0.002690 -0.000000 -0.029976 0.968177 -0.248464 10.083500 -0.010465 0.248258 0.968637 -1.000800 0.000000 0.000000 0.000000 1.000000
0.999503 0.031416 0.002532 0.000000 -0.029803 0.968211 -0.248353 10.083500 -0.010254 0.248154 0.968666 -1.000800 0.000000 0.000000 0.000000 1.000000
0.999499 0.031527 0.002670 -0.000000 -0.029875 0.968169 -0.248508 10.083500 -0.010420 0.248304 0.968626 -1.000800 0.000000 0.000000 0.000000 1.000000
0.999496 0.031622 0.002698 -0.000000 -0.029961 0.968185 -0.248436 10.083500 -0.010468 0.248230 0.968645 -1.000800 0.000000 0.000000 0.000000 1.000000
0.999496 0.031620 0.002756 0.000000 -0.029945 0.968201 -0.248375 10.083500 -0.010522 0.248168 0.968660 -1.000800 0.000000 0.000000 0.000000 1.000000
0.999493 0.031720 0.002849 -0.000000 -0.030020 0.968215 -0.248312 10.083500 -0.010635 0.248100 0.968676 -1.000800 0.000000 0.000000 0.000000 1.000000
0.999494 0.031673 0.002892 0.000000 -0.029965 0.968242 -0.248211 10.083500 -0.010662 0.247999 0.968702 -1.000800 0.000000 0.000000 0.000000 1.000000
0.999493 0.031719 0.002874 -0.000000 -0.030014 0.968254 -0.248161 10.083500 -0.010654 0.247949 0.968714 -1.000800 0.000000 0.000000 0.000000 1.000000
0.999492 0.031722 0.002962 -0.000000 -0.029995 0.968243 -0.248205 10.083500 -0.010742 0.247990 0.968703 -1.000800 0.000000 0.000000 0.000000 1.000000
0.999495 0.031630 0.003003 -0.000000 -0.029894 0.968218 -0.248316 10.083500 -0.010761 0.248101 0.968674 -1.000800 0.000000 0.000000 0.000000 1.000000
0.999496 0.031590 0.003009 0.000000 -0.029853 0.968198 -0.248397 10.083500 -0.010760 0.248182 0.968654 -1.000800 0.000000 0.000000 0.000000 1.000000
0.999498 0.031530 0.003084 -0.000000 -0.029775 0.968169 -0.248521 10.083500 -0.010822 0.248304 0.968622 -1.000800 0.000000 0.000000 0.000000 1.000000
0.999497 0.031543 0.003203 -0.000000 -0.029758 0.968178 -0.248486 10.083500 -0.010939 0.248266 0.968630 -1.000800 0.000000 0.000000 0.000000 1.000000
0.999495 0.031604 0.003221 0.000000 -0.029815 0.968217 -0.248328 10.083500 -0.010967 0.248106 0.968671 -1.000800 0.000000 0.000000 0.000000 1.000000
0.999494 0.031634 0.003195 0.000000 -0.029849 0.968207 -0.248362 10.083500 -0.010950 0.248141 0.968662 -1.000800 0.000000 0.000000 0.000000 1.000000
0.999500 0.031467 0.003160 0.000000 -0.029697 0.968211 -0.248368 10.083500 -0.010875 0.248150 0.968661 -1.000800 0.000000 0.000000 0.000000 1.000000
0.999503 0.031354 0.003158 -0.000000 -0.029589 0.968236 -0.248281 10.083500 -0.010843 0.248064 0.968683 -1.000800 0.000000 0.000000 0.000000 1.000000
0.999507 0.031252 0.003074 -0.000000 -0.029510 0.968221 -0.248349 10.083500 -0.010738 0.248136 0.968666 -1.000800 0.000000 0.000000 0.000000 1.000000
0.999510 0.031144 0.003063 0.000000 -0.029408 0.968230 -0.248328 10.083500 -0.010699 0.248116 0.968671 -1.000800 0.000000 0.000000 0.000000 1.000000
0.999511 0.031114 0.003057 0.000000 -0.029381 0.968243 -0.248278 10.083500 -0.010685 0.248066 0.968684 -1.000800 0.000000 0.000000 0.000000 1.000000
0.999509 0.031182 0.003048 0.000000 -0.029449 0.968220 -0.248361 10.083500 -0.010696 0.248150 0.968663 -1.000800 0.000000 0.000000 0.000000 1.000000
0.999516 0.030955 0.002991 0.000000 -0.029243 0.968228 -0.248355 10.083500 -0.010583 0.248147 0.968665 -1.000800 0.000000 0.000000 0.000000 1.000000
0.999527 0.030639 0.002745 0.000000 -0.028999 0.968264 -0.248241 10.083500 -0.010264 0.248044 0.968694 -1.000800 0.000000 0.000000 0.000000 1.000000
0.999539 0.030266 0.002564 0.000000 -0.028680 0.968213 -0.248478 10.083500 -0.010004 0.248290 0.968634 -1.000800 0.000000 0.000000 0.000000 1.000000
0.999550 0.029900 0.002340 0.000000 -0.028383 0.968270 -0.248291 10.083500 -0.009689 0.248113 0.968683 -1.000800 0.000000 0.000000 0.000000 1.000000
0.999561 0.029552 0.002101 -0.000000 -0.028107 0.968301 -0.248200 10.083500 -0.009369 0.248032 0.968706 -1.000800 0.000000 0.000000 0.000000 1.000000
0.999566 0.029391 0.002035 0.000000 -0.027964 0.968253 -0.248405 10.083500 -0.009271 0.248240 0.968654 -1.000800 0.000000 0.000000 0.000000 1.000000
0.999572 0.029203 0.001825 0.000000 -0.027835 0.968260 -0.248391 10.083500 -0.009021 0.248233 0.968658 -1.000800 0.000000 0.000000 0.000000 1.000000
0.999583 0.028825 0.001613 0.000000 -0.027524 0.968345 -0.248094 10.083500 -0.008714 0.247946 0.968735 -1.000800 0.000000 0.000000 0.000000 1.000000
0.999582 0.028882 0.001602 0.000000 -0.027579 0.968268 -0.248388 10.083500 -0.008725 0.248240 0.968659 -1.000800 0.000000 0.000000 0.000000 1.000000
0.999590 0.028585 0.001337 -0.000000 -0.027361 0.968373 -0.248003 10.083500 -0.008384 0.247865 0.968758 -1.000800 0.000000 0.000000 0.000000 1.000000
0.999594 0.028464 0.001220 0.000000 -0.027273 0.968395 -0.247925 10.083500 -0.008239 0.247791 0.968779 -1.000800 0.000000 0.000000 0.000000 1.000000
0.999593 0.028492 0.001203 0.000000 -0.027304 0.968385 -0.247960 10.083500 -0.008229 0.247827 0.968769 -1.000800 0.000000 0.000000 0.000000 1.000000
0.999598 0.028316 0.001248 -0.000000 -0.027123 0.968411 -0.247879 10.083500 -0.008228 0.247745 0.968790 -1.000800 0.000000 0.000000 0.000000 1.000000
0.999591 0.028582 0.001210 -0.000000 -0.027392 0.968453 -0.247684 10.083500 -0.008251 0.247550 0.968840 -1.000800 0.000000 0.000000 0.000000 1.000000
0.999591 0.028588 0.001217 -0.000000 -0.027397 0.968474 -0.247603 10.083500 -0.008257 0.247468 0.968861 -1.000800 0.000000 0.000000 0.000000 1.000000
0.999583 0.028842 0.001304 -0.000000 -0.027621 0.968463 -0.247622 10.083500 -0.008405 0.247482 0.968856 -1.000800 0.000000 0.000000 0.000000 1.000000
0.999577 0.029039 0.001391 -0.000000 -0.027792 0.968486 -0.247514 10.083500 -0.008535 0.247371 0.968883 -1.000800 0.000000 0.000000 0.000000 1.000000
0.999572 0.029202 0.001459 -0.000000 -0.027933 0.968494 -0.247466 10.083500 -0.008639 0.247319 0.968896 -1.000800 0.000000 0.000000 0.000000 1.000000
0.999553 0.029847 0.001717 0.000000 -0.028493 0.968452 -0.247567 10.083500 -0.009052 0.247407 0.968869 -1.000800 0.000000 0.000000 0.000000 1.000000
0.999531 0.030560 0.001858 -0.000000 -0.029149 0.968437 -0.247548 10.083500 -0.009365 0.247378 0.968874 -1.000800 0.000000 0.000000 0.000000 1.000000
0.999526 0.030734 0.001928 -0.000000 -0.029300 0.968425 -0.247577 10.083500 -0.009476 0.247403 0.968866 -1.000800 0.000000 0.000000 0.000000 1.000000
0.999530 0.030580 0.001922 0.000000 -0.029154 0.968481 -0.247374 10.083500 -0.009426 0.247202 0.968918 -1.000800 0.000000 0.000000 0.000000 1.000000
0.999522 0.030842 0.002069 0.000000 -0.029373 0.968501 -0.247271 10.083500 -0.009630 0.247092 0.968944 -1.000800 0.000000 0.000000 0.000000 1.000000
0.999514 0.031105 0.002025 0.000000 -0.029637 0.968449 -0.247444 10.083500 -0.009658 0.247264 0.968900 -1.000800 0.000000 0.000000 0.000000 1.000000
0.999508 0.031302 0.002053 0.000000 -0.029819 0.968388 -0.247659 10.083500 -0.009740 0.247475 0.968845 -1.000800 0.000000 0.000000 0.000000 1.000000
0.999513 0.031154 0.001994 -0.000000 -0.029688 0.968343 -0.247852 10.083500 -0.009652 0.247672 0.968796 -1.000800 0.000000 0.000000 0.000000 1.000000
0.999512 0.031181 0.002080 0.000000 -0.029691 0.968311 -0.247976 10.083500 -0.009746 0.247793 0.968764 -1.000800 0.000000 0.000000 0.000000 1.000000
0.999510 0.031231 0.002080 -0.000000 -0.029740 0.968290 -0.248051 10.083500 -0.009761 0.247868 0.968745 -1.000800 0.000000 0.000000 0.000000 1.000000
0.999509 0.031262 0.002096 0.000000 -0.029764 0.968261 -0.248163 10.083500 -0.009787 0.247979 0.968716 -1.000800 0.000000 0.000000 0.000000 1.000000
0.999514 0.031085 0.002158 0.000000 -0.029578 0.968273 -0.248139 10.083500 -0.009803 0.247955 0.968722 -1.000800 0.000000 0.000000 0.000000 1.000000
0.999516 0.031051 0.002148 0.000000 -0.029547 0.968288 -0.248083 10.083500 -0.009783 0.247900 0.968736 -1.000800 0.000000 0.000000 0.000000 1.000000
0.999514 0.031091 0.002084 -0.000000 -0.029602 0.968295 -0.248049 10.083500 -0.009730 0.247867 0.968745 -1.000800 0.000000 0.000000 0.000000 1.000000
0.999512 0.031157 0.002167 -0.000000 -0.029645 0.968281 -0.248098 10.083500 -0.009828 0.247913 0.968732 -1.000800 0.000000 0.000000 0.000000 1.000000
0.999513 0.031123 0.002192 0.000000 -0.029605 0.968256 -0.248199 10.083500 -0.009847 0.248014 0.968706 -1.000800 0.000000 0.000000 0.000000 1.000000
0.999513 0.031140 0.002120 -0.000000 -0.029640 0.968271 -0.248137 10.083500 -0.009780 0.247953 0.968723 -1.000800 0.000000 0.000000 0.000000 1.000000
0.999511 0.031203 0.002168 0.000000 -0.029690 0.968282 -0.248091 10.083500 -0.009841 0.247905 0.968734 -1.000800 0.000000 0.000000 0.000000 1.000000
