<?xml version="1.0" encoding="utf-8"?>
<COLLADA xmlns="http://www.collada.org/2005/11/COLLADASchema" version="1.4.1">
  <asset><contributor><author>Mixamo</author><authoring_tool>COLLADA Mixamo exporter</authoring_tool><comments></comments></contributor><created>2019-03-19T12:36:08Z</created><modified>2019-03-19T12:36:08Z</modified><revision></revision><title></title><unit meter="0.010000"/><up_axis>Y_UP</up_axis></asset>
  <library_animations>
    <animation id="mixamorig_Hips-anim" name="mixamorig_Hips"><source id="mixamorig_Hips-Matrix-animation-input"><float_array id="mixamorig_Hips-Matrix-animation-input-array" count="32">

0.000000 0.033333 0.066667 0.100000 0.133333 0.166667 0.200000 0.233333 0.266667 0.300000 0.333333 0.366667 0.400000 0.433333 0.466667 0.500000
0.533333 0.566667 0.600000 0.633333 0.666667 0.700000 0.733333 0.766667 0.800000 0.833333 0.866667 0.900000 0.933333 0.966667 1.000000 1.033333</float_array><technique_common><accessor source="#mixamorig_Hips-Matrix-animation-input-array" count="32"><param name="TIME" type="float"/></accessor></technique_common></source><source id="mixamorig_Hips-Matrix-animation-output-transform"><float_array id="mixamorig_Hips-Matrix-animation-output-transform-array" count="512">

0.755086 -0.136256 -0.641311 13.922810 -0.113046 0.936458 -0.332066 89.207283 0.645806 0.323236 0.691703 -0.429123 0.000000 0.000000 0.000000 1.000000
0.732982 -0.175984 -0.657089 14.119652 -0.088088 0.933268 -0.348213 91.006226 0.674520 0.313115 0.668567 3.925840 0.000000 0.000000 0.000000 1.000000
0.705643 -0.202173 -0.679113 14.447788 -0.071933 0.933039 -0.352510 92.262741 0.704907 0.297597 0.643849 8.080629 0.000000 0.000000 0.000000 1.000000
0.685935 -0.207718 -0.697386 14.791024 -0.069959 0.935126 -0.347340 92.795181 0.724292 0.287041 0.626904 12.275713 0.000000 0.000000 0.000000 1.000000
0.682389 -0.203380 -0.702127 15.030376 -0.084418 0.932164 -0.352058 92.397812 0.726099 0.299512 0.618929 16.730316 0.000000 0.000000 0.000000 1.000000
0.696564 -0.201232 -0.688697 15.190657 -0.108718 0.919179 -0.378537 90.981468 0.709210 0.338549 0.618390 21.540764 0.000000 0.000000 0.000000 1.000000
0.717791 -0.202079 -0.666289 15.394693 -0.124816 0.904107 -0.408671 88.938095 0.684980 0.376504 0.623736 26.704603 0.000000 0.000000 0.000000 1.000000
0.727536 -0.202172 -0.655605 15.718292 -0.124786 0.900661 -0.416218 86.801857 0.674626 0.384624 0.630035 32.142704 0.000000 0.000000 0.000000 1.000000
0.722192 -0.197320 -0.662950 16.117619 -0.118072 0.909212 -0.399240 84.818642 0.681541 0.366604 0.633328 37.803993 0.000000 0.000000 0.000000 1.000000
0.710997 -0.186778 -0.677936 16.506817 -0.113626 0.920895 -0.372883 83.147133 0.693954 0.342150 0.633531 43.497124 0.000000 0.000000 0.000000 1.000000
0.700695 -0.172399 -0.692319 16.836491 -0.113741 0.930964 -0.346942 81.999130 0.704337 0.321845 0.632713 48.896858 0.000000 0.000000 0.000000 1.000000
0.693510 -0.156539 -0.703235 17.024096 -0.116376 0.938949 -0.323776 81.493599 0.710986 0.306382 0.632953 53.856609 0.000000 0.000000 0.000000 1.000000
0.692319 -0.140458 -0.707789 17.086536 -0.123786 0.943215 -0.308257 81.726837 0.710895 0.301027 0.635619 58.614914 0.000000 0.000000 0.000000 1.000000
0.697817 -0.127718 -0.704797 17.157465 -0.136463 0.942247 -0.305858 82.751389 0.703156 0.309612 0.640087 63.195499 0.000000 0.000000 0.000000 1.000000
0.706914 -0.121782 -0.696737 17.262926 -0.150667 0.936530 -0.316562 84.371056 0.691066 0.328757 0.643697 67.477417 0.000000 0.000000 0.000000 1.000000
0.713551 -0.117585 -0.690666 17.373322 -0.168089 0.928290 -0.331699 86.224609 0.680141 0.352778 0.642617 71.561607 0.000000 0.000000 0.000000 1.000000
0.708686 -0.114629 -0.696150 17.441162 -0.175307 0.927157 -0.331131 88.064880 0.683397 0.356708 0.636968 75.551857 0.000000 0.000000 0.000000 1.000000
0.690986 -0.114024 -0.713818 17.427900 -0.166096 0.936016 -0.310301 90.025269 0.703527 0.332976 0.627835 79.499130 0.000000 0.000000 0.000000 1.000000
0.677117 -0.112708 -0.727193 17.367594 -0.150309 0.946183 -0.286608 91.450974 0.720361 0.303371 0.623736 83.813614 0.000000 0.000000 0.000000 1.000000
0.672814 -0.110984 -0.731440 17.251955 -0.126776 0.956763 -0.261788 92.014114 0.728869 0.268864 0.629653 88.518959 0.000000 0.000000 0.000000 1.000000
0.688677 -0.108099 -0.716965 17.039940 -0.104725 0.963626 -0.245882 91.823936 0.717466 0.244417 0.652306 93.234322 0.000000 0.000000 0.000000 1.000000
0.719738 -0.106200 -0.686075 16.695011 -0.083023 0.967972 -0.236932 90.651062 0.689264 0.227489 0.687869 98.188766 0.000000 0.000000 0.000000 1.000000
0.743794 -0.110527 -0.659207 16.239799 -0.065046 0.969583 -0.235960 89.140282 0.665236 0.218385 0.713981 103.456902 0.000000 0.000000 0.000000 1.000000
0.755547 -0.115770 -0.644784 15.762912 -0.066727 0.965541 -0.251550 87.582214 0.651688 0.233082 0.721787 108.832527 0.000000 0.000000 0.000000 1.000000
0.757598 -0.115527 -0.642417 15.332222 -0.089363 0.956587 -0.277409 85.923080 0.646576 0.267573 0.714384 114.286064 0.000000 0.000000 0.000000 1.000000
0.754166 -0.105351 -0.648178 14.969799 -0.124438 0.946237 -0.298581 84.341499 0.644786 0.305838 0.700510 119.506653 0.000000 0.000000 0.000000 1.000000
0.753571 -0.086384 -0.651666 14.588352 -0.155656 0.939688 -0.304561 83.186722 0.638672 0.330944 0.694675 124.205124 0.000000 0.000000 0.000000 1.000000
0.761484 -0.069897 -0.644404 14.226797 -0.166788 0.939563 -0.299004 82.838165 0.626357 0.335166 0.703804 128.640930 0.000000 0.000000 0.000000 1.000000
0.770773 -0.066161 -0.633666 13.957802 -0.160705 0.942243 -0.293857 83.535149 0.616509 0.328330 0.715623 133.080582 0.000000 0.000000 0.000000 1.000000
0.772899 -0.075607 -0.630009 13.854301 -0.150583 0.942657 -0.297864 85.086060 0.616403 0.325087 0.717193 137.616806 0.000000 0.000000 0.000000 1.000000
0.767609 -0.099457 -0.633154 13.841546 -0.135757 0.940240 -0.312280 87.120712 0.626375 0.325665 0.708235 142.203812 0.000000 0.000000 0.000000 1.000000
0.755095 -0.136270 -0.641297 13.919812 -0.113022 0.936460 -0.332068 89.206215 0.645800 0.323223 0.691715 146.760300 0.000000 0.000000 0.000000 1.000000</float_array><technique_common><accessor source="#mixamorig_Hips-Matrix-animation-output-transform-array" count="32" stride="16"><param type="float4x4"/></accessor></technique_common></source><source id="mixamorig_Hips-Interpolations"><Name_array id="mixamorig_Hips-Interpolations-array" count="32">
 LINEAR LINEAR LINEAR LINEAR LINEAR LINEAR LINEAR LINEAR LINEAR LINEAR LINEAR
LINEAR LINEAR LINEAR LINEAR LINEAR LINEAR LINEAR LINEAR LINEAR LINEAR LINEAR LINEAR
LINEAR LINEAR LINEAR LINEAR LINEAR LINEAR LINEAR LINEAR LINEAR</Name_array><technique_common><accessor source="#mixamorig_Hips-Interpolations-array" count="32"><param type="name"/></accessor></technique_common></source><sampler id="mixamorig_Hips-Matrix-animation-transform"><input semantic="INPUT" source="#mixamorig_Hips-Matrix-animation-input"/><input semantic="OUTPUT" source="#mixamorig_Hips-Matrix-animation-output-transform"/><input semantic="INTERPOLATION" source="#mixamorig_Hips-Interpolations"/></sampler><channel source="#mixamorig_Hips-Matrix-animation-transform" target="mixamorig_Hips/matrix"/></animation>
    <animation id="mixamorig_Spine-anim" name="mixamorig_Spine"><source id="mixamorig_Spine-Matrix-animation-input"><float_array id="mixamorig_Spine-Matrix-animation-input-array" count="32">

0.000000 0.033333 0.066667 0.100000 0.133333 0.166667 0.200000 0.233333 0.266667 0.300000 0.333333 0.366667 0.400000 0.433333 0.466667 0.500000
0.533333 0.566667 0.600000 0.633333 0.666667 0.700000 0.733333 0.766667 0.800000 0.833333 0.866667 0.900000 0.933333 0.966667 1.000000 1.033333</float_array><technique_common><accessor source="#mixamorig_Spine-Matrix-animation-input-array" count="32"><param name="TIME" type="float"/></accessor></technique_common></source><source id="mixamorig_Spine-Matrix-animation-output-transform"><float_array id="mixamorig_Spine-Matrix-animation-output-transform-array" count="512">

0.999523 -0.024821 -0.018358 -0.000000 0.021604 0.987134 -0.158431 10.181600 0.022054 0.157958 0.987199 0.131500 0.000000 0.000000 0.000000 1.000000
0.999789 -0.010601 -0.017602 0.000000 0.007772 0.988102 -0.153602 10.181600 0.019021 0.153433 0.987976 0.131500 0.000000 0.000000 0.000000 1.000000
0.999860 0.003494 -0.016365 0.000000 -0.005920 0.988573 -0.150628 10.181600 0.015652 0.150703 0.988455 0.131500 0.000000 0.000000 0.000000 1.000000
0.999828 0.010914 -0.014985 -0.000000 -0.013032 0.988694 -0.149382 10.181600 0.013185 0.149552 0.988666 0.131500 0.000000 0.000000 0.000000 1.000000
0.999893 0.007255 -0.012665 -0.000000 -0.009022 0.989312 -0.145535 10.181600 0.011474 0.145633 0.989272 0.131500 0.000000 0.000000 0.000000 1.000000
0.999935 -0.006730 -0.009241 0.000000 0.005408 0.990648 -0.136338 10.181600 0.010072 0.136279 0.990619 0.131500 0.000000 0.000000 0.000000 1.000000
0.999759 -0.020857 -0.006790 0.000000 0.019834 0.991810 -0.126173 10.181600 0.009366 0.126008 0.991985 0.131500 0.000000 0.000000 0.000000 1.000000
0.999689 -0.024022 -0.006729 0.000000 0.023016 0.992189 -0.122602 10.181600 0.009622 0.122409 0.992433 0.131500 0.000000 0.000000 0.000000 1.000000
0.999834 -0.016817 -0.007027 0.000000 0.015788 0.991762 -0.127120 10.181600 0.009107 0.126988 0.991862 0.131500 0.000000 0.000000 0.000000 1.000000
0.999966 -0.004897 -0.006592 0.000000 0.003957 0.990727 -0.135810 10.181600 0.007196 0.135780 0.990713 0.131500 0.000000 0.000000 0.000000 1.000000
0.999934 0.008836 -0.007349 -0.000000 -0.009811 0.989314 -0.145470 10.181600 0.005985 0.145532 0.989335 0.131500 0.000000 0.000000 0.000000 1.000000
0.999667 0.023157 -0.011399 0.000000 -0.024635 0.987805 -0.153738 10.181600 0.007700 0.153967 0.988046 0.131500 0.000000 0.000000 0.000000 1.000000
0.999504 0.026997 -0.016235 0.000000 -0.029246 0.986731 -0.159708 10.181600 0.011708 0.160103 0.987031 0.131500 0.000000 0.000000 0.000000 1.000000
0.999678 0.017583 -0.018310 0.000000 -0.020318 0.986604 -0.161862 10.181600 0.015218 0.162182 0.986644 0.131500 0.000000 0.000000 0.000000 1.000000
0.999809 0.007270 -0.018118 -0.000000 -0.010069 0.987134 -0.159579 10.181600 0.016725 0.159731 0.987019 0.131500 0.000000 0.000000 0.000000 1.000000
0.999888 -0.001776 -0.014829 0.000000 -0.000533 0.988031 -0.154255 10.181600 0.014926 0.154246 0.987920 0.131500 0.000000 0.000000 0.000000 1.000000
0.999937 -0.001299 -0.011107 0.000000 -0.000414 0.988258 -0.152792 10.181600 0.011175 0.152787 0.988196 0.131500 0.000000 0.000000 0.000000 1.000000
0.999881 0.012126 -0.009518 0.000000 -0.013473 0.987446 -0.157384 10.181600 0.007490 0.157493 0.987492 0.131500 0.000000 0.000000 0.000000 1.000000
0.999644 0.024830 -0.009783 0.000000 -0.026095 0.986240 -0.163248 10.181600 0.005595 0.163445 0.986537 0.131500 0.000000 0.000000 0.000000 1.000000
0.999336 0.034156 -0.012698 0.000000 -0.035820 0.984746 -0.170270 10.181600 0.006688 0.170612 0.985316 0.131500 0.000000 0.000000 0.000000 1.000000
0.999159 0.036629 -0.018406 -0.000000 -0.039290 0.983780 -0.175021 10.181600 0.011696 0.175597 0.984393 0.131500 0.000000 0.000000 0.000000 1.000000
0.998955 0.035446 -0.028867 -0.000000 -0.039969 0.983708 -0.175275 10.181600 0.022184 0.176245 0.984096 0.131500 0.000000 0.000000 0.000000 1.000000
0.998622 0.035466 -0.038672 -0.000000 -0.041637 0.984097 -0.172684 10.181600 0.031933 0.174056 0.984218 0.131500 0.000000 0.000000 0.000000 1.000000
0.998768 0.028973 -0.040282 0.000000 -0.035356 0.985143 -0.168059 10.181600 0.034815 0.169276 0.984954 0.131500 0.000000 0.000000 0.000000 1.000000
0.999161 0.016545 -0.037468 -0.000000 -0.022383 0.986667 -0.161206 10.181600 0.034301 0.161909 0.986209 0.131500 0.000000 0.000000 0.000000 1.000000
0.999460 0.001230 -0.032828 0.000000 -0.006315 0.987859 -0.155228 10.181600 0.032238 0.155351 0.987333 0.131500 0.000000 0.000000 0.000000 1.000000
0.999497 -0.016704 -0.026956 0.000000 0.012359 0.987998 -0.153972 10.181600 0.029204 0.153562 0.987707 0.131500 0.000000 0.000000 0.000000 1.000000
0.999195 -0.032587 -0.023413 -0.000000 0.028507 0.987133 -0.157337 10.181600 0.028238 0.156543 0.987267 0.131500 0.000000 0.000000 0.000000 1.000000
0.998951 -0.040006 -0.022268 0.000000 0.035890 0.986188 -0.161698 10.181600 0.028430 0.160729 0.986589 0.131500 0.000000 0.000000 0.000000 1.000000
0.998983 -0.039952 -0.020906 0.000000 0.036005 0.985881 -0.163529 10.181600 0.027144 0.162610 0.986317 0.131500 0.000000 0.000000 0.000000 1.000000
0.999220 -0.034384 -0.019426 0.000000 0.030781 0.986254 -0.162346 10.181600 0.024741 0.161622 0.986543 0.131500 0.000000 0.000000 0.000000 1.000000
0.999523 -0.024805 -0.018379 0.000000 0.021585 0.987134 -0.158430 10.181600 0.022073 0.157958 0.987199 0.131500 0.000000 0.000000 0.000000 1.000000</float_array><technique_common><accessor source="#mixamorig_Spine-Matrix-animation-output-transform-array" count="32" stride="16"><param type="float4x4"/></accessor></technique_common></source><source id="mixamorig_Spine-Interpolations"><Name_array id="mixamorig_Spine-Interpolations-array" count="32">
 LINEAR LINEAR LINEAR LINEAR LINEAR LINEAR LINEAR LINEAR LINEAR LINEAR LINEAR
LINEAR LINEAR LINEAR LINEAR LINEAR LINEAR LINEAR LINEAR LINEAR LINEAR LINEAR LINEAR
LINEAR LINEAR LINEAR LINEAR LINEAR LINEAR LINEAR LINEAR LINEAR</Name_array><technique_common><accessor source="#mixamorig_Spine-Interpolations-array" count="32"><param type="name"/></accessor></technique_common></source><sampler id="mixamorig_Spine-Matrix-animation-transform"><input semantic="INPUT" source="#mixamorig_Spine-Matrix-animation-input"/><input semantic="OUTPUT" source="#mixamorig_Spine-Matrix-animation-output-transform"/><input semantic="INTERPOLATION" source="#mixamorig_Spine-Interpolations"/></sampler><channel source="#mixamorig_Spine-Matrix-animation-transform" target="mixamorig_Spine/matrix"/></animation>
    <animation id="mixamorig_Spine1-anim" name="mixamorig_Spine1"><source id="mixamorig_Spine1-Matrix-animation-input"><float_array id="mixamorig_Spine1-Matrix-animation-input-array" count="32">

0.000000 0.033333 0.066667 0.100000 0.133333 0.166667 0.200000 0.233333 0.266667 0.300000 0.333333 0.366667 0.400000 0.433333 0.466667 0.500000
0.533333 0.566667 0.600000 0.633333 0.666667 0.700000 0.733333 0.766667 0.800000 0.833333 0.866667 0.900000 0.933333 0.966667 1.000000 1.033333</float_array><technique_common><accessor source="#mixamorig_Spine1-Matrix-animation-input-array" count="32"><param name="TIME" type="float"/></accessor></technique_common></source><source id="mixamorig_Spine1-Matrix-animation-output-transform"><float_array id="mixamorig_Spine1-Matrix-animation-output-transform-array" count="512">

0.995663 0.026697 -0.089118 -0.000000 -0.052183 0.953317 -0.297430 10.083500 0.077017 0.300790 0.950575 -1.000800 0.000000 0.000000 0.000000 1.000000
0.995514 0.045365 -0.083033 0.000000 -0.067746 0.954383 -0.290798 10.083500 0.066053 0.295118 0.953175 -1.000800 0.000000 0.000000 0.000000 1.000000
0.995416 0.061113 -0.073572 0.000000 -0.079872 0.954307 -0.287956 10.083500 0.052613 0.292512 0.954813 -1.000800 0.000000 0.000000 0.000000 1.000000
0.995592 0.067532 -0.065088 0.000000 -0.083558 0.953838 -0.288464 10.083500 0.042603 0.292631 0.955276 -1.000800 0.000000 0.000000 0.000000 1.000000
0.996262 0.061067 -0.061099 0.000000 -0.076009 0.955776 -0.284102 10.083500 0.041048 0.287684 0.956845 -1.000800 0.000000 0.000000 0.000000 1.000000
0.997028 0.043445 -0.063623 0.000000 -0.059093 0.961120 -0.269732 10.083500 0.049431 0.272690 0.960831 -1.000800 0.000000 0.000000 0.000000 1.000000
0.997185 0.026222 -0.070252 0.000000 -0.043243 0.966486 -0.253049 10.083500 0.061262 0.255375 0.964899 -1.000800 0.000000 0.000000 0.000000 1.000000
0.997131 0.022256 -0.072352 0.000000 -0.039532 0.968210 -0.246994 10.083500 0.064555 0.249146 0.966312 -1.000800 0.000000 0.000000 0.000000 1.000000
0.997417 0.029340 -0.065569 0.000000 -0.045177 0.965879 -0.255023 10.083500 0.055849 0.257327 0.964709 -1.000800 0.000000 0.000000 0.000000 1.000000
0.997874 0.037657 -0.053187 0.000000 -0.050724 0.961207 -0.271122 10.083500 0.040914 0.273244 0.961074 -1.000800 0.000000 0.000000 0.000000 1.000000
0.998313 0.041797 -0.040308 0.000000 -0.051674 0.956121 -0.288379 10.083500 0.026486 0.289975 0.956668 -1.000800 0.000000 0.000000 0.000000 1.000000
0.998699 0.040736 -0.030664 0.000000 -0.048106 0.952120 -0.301917 10.083500 0.016897 0.303000 0.952841 -1.000800 0.000000 0.000000 0.000000 1.000000
0.999097 0.033109 -0.026614 0.000000 -0.039745 0.949720 -0.310567 10.083500 0.014994 0.311344 0.950179 -1.000800 0.000000 0.000000 0.000000 1.000000
0.999396 0.021596 -0.027216 0.000000 -0.029025 0.949515 -0.312376 10.083500 0.019096 0.312978 0.949569 -1.000800 0.000000 0.000000 0.000000 1.000000
0.999500 0.012468 -0.029047 0.000000 -0.020759 0.951892 -0.305730 10.083500 0.023837 0.306181 0.951675 -1.000800 0.000000 0.000000 0.000000 1.000000
0.999525 0.006449 -0.030151 0.000000 -0.015014 0.955915 -0.293259 10.083500 0.026931 0.293572 0.955557 -1.000800 0.000000 0.000000 0.000000 1.000000
0.999510 0.009611 -0.029779 0.000000 -0.017820 0.957101 -0.289206 10.083500 0.025722 0.289595 0.956804 -1.000800 0.000000 0.000000 0.000000 1.000000
0.999295 0.025292 -0.027731 0.000000 -0.032410 0.954100 -0.297729 10.083500 0.018928 0.298418 0.954247 -1.000800 0.000000 0.000000 0.000000 1.000000
0.998721 0.040559 -0.030185 0.000000 -0.047897 0.950164 -0.308050 10.083500 0.016186 0.309101 0.950891 -1.000800 0.000000 0.000000 0.000000 1.000000
0.997768 0.053201 -0.040363 -0.000000 -0.063334 0.945514 -0.319363 10.083500 0.021174 0.321206 0.946773 -1.000800 0.000000 0.000000 0.000000 1.000000
0.996760 0.056210 -0.057533 0.000000 -0.072009 0.942310 -0.326904 10.083500 0.035839 0.329987 0.943305 -1.000800 0.000000 0.000000 0.000000 1.000000
0.995735 0.050463 -0.077237 0.000000 -0.073251 0.941378 -0.329305 10.083500 0.056092 0.333558 0.941059 -1.000800 0.000000 0.000000 0.000000 1.000000
0.995003 0.043746 -0.089750 -0.000000 -0.070988 0.942071 -0.327816 10.083500 0.070210 0.332550 0.940469 -1.000800 0.000000 0.000000 0.000000 1.000000
0.995050 0.032316 -0.093979 0.000000 -0.060917 0.945502 -0.319868 10.083500 0.078520 0.324010 0.942790 -1.000800 0.000000 0.000000 0.000000 1.000000
0.995559 0.015254 -0.092896 0.000000 -0.043123 0.951062 -0.305976 10.083500 0.083682 0.308624 0.947496 -1.000800 0.000000 0.000000 0.000000 1.000000
0.995901 -0.000521 -0.090443 0.000000 -0.026123 0.955709 -0.293152 10.083500 0.086590 0.294314 0.951778 -1.000800 0.000000 0.000000 0.000000 1.000000
0.995820 -0.007516 -0.091024 0.000000 -0.019188 0.957150 -0.288955 10.083500 0.089296 0.289494 0.953005 -1.000800 0.000000 0.000000 0.000000 1.000000
0.995420 -0.007644 -0.095288 0.000000 -0.020771 0.955688 -0.293647 10.083500 0.093310 0.294281 0.951153 -1.000800 0.000000 0.000000 0.000000 1.000000
0.995202 -0.005250 -0.097697 0.000000 -0.024496 0.953384 -0.300764 10.083500 0.094721 0.301715 0.948681 -1.000800 0.000000 0.000000 0.000000 1.000000
0.995430 -0.000167 -0.095497 0.000000 -0.029047 0.952088 -0.304441 10.083500 0.090973 0.305823 0.947732 -1.000800 0.000000 0.000000 0.000000 1.000000
0.995686 0.010432 -0.092198 -0.000000 -0.038048 0.952179 -0.303162 10.083500 0.084627 0.305362 0.948468 -1.000800 0.000000 0.000000 0.000000 1.000000
0.995663 0.026697 -0.089118 -0.000000 -0.052183 0.953317 -0.297430 10.083500 0.077017 0.300790 0.950575 -1.000800 0.000000 0.000000 0.000000 1.000000</float_array><technique_common><accessor source="#mixamorig_Spine1-Matrix-animation-output-transform-array" count="32" stride="16"><param type="float4x4"/></accessor></technique_common></source><source id="mixamorig_Spine1-Interpolations"><Name_array id="mixamorig_Spine1-Interpolations-array" count="32">
 LINEAR LINEAR LINEAR LINEAR LINEAR LINEAR LINEAR LINEAR LINEAR LINEAR LINEAR
LINEAR LINEAR LINEAR LINEAR LINEAR LINEAR LINEAR LINEAR LINEAR LINEAR LINEAR LINEAR
LINEAR LINEAR LINEAR LINEAR LINEAR LINEAR LINEAR LINEAR LINEAR</Name_array><technique_common><accessor source="#mixamorig_Spine1-Interpolations-array" count="32"><param type="name"/></accessor></technique_common></source><sampler id="mixamorig_Spine1-Matrix-animation-transform"><input semantic="INPUT" source="#mixamorig_Spine1-Matrix-animation-input"/><input semantic="OUTPUT" source="#mixamorig_Spine1-Matrix-animation-output-transform"/><input semantic="INTERPOLATION" source="#mixamorig_Spine1-Interpolations"/></sampler><channel source="#mixamorig_Spine1-Matrix-animation-transform" target="mixamorig_Spine1/matrix"/></animation>
    <animation id="mixamorig_Spine2-anim" name="mixamorig_Spine2"><source id="mixamorig_Spine2-Matrix-animation-input"><float_array id="mixamorig_Spine2-Matrix-animation-input-array" count="32">

0.000000 0.033333 0.066667 0.100000 0.133333 0.166667 0.200000 0.233333 0.266667 0.300000 0.333333 0.366667 0.400000 0.433333 0.466667 0.500000
0.533333 0.566667 0.600000 0.633333 0.666667 0.700000 0.733333 0.766667 0.800000 0.833333 0.866667 0.900000 0.933333 0.966667 1.000000 1.033333</float_array><technique_common><accessor source="#mixamorig_Spine2-Matrix-animation-input-array" count="32"><param name="TIME" type="float"/></accessor></technique_common></source><source id="mixamorig_Spine2-Matrix-animation-output-transform"><float_array id="mixamorig_Spine2-Matrix-animation-output-transform-array" count="512">

0.995698 0.027756 -0.088401 0.000000 -0.052988 0.953241 -0.297531 9.100000 0.076010 0.300935 0.950611 -1.373400 0.000000 0.000000 0.000000 1.000000
0.995567 0.046238 -0.081909 -0.000000 -0.068262 0.954287 -0.290992 9.100000 0.064710 0.295293 0.953213 -1.373400 0.000000 0.000000 0.000000 1.000000
0.995472 0.061783 -0.072232 -0.000000 -0.080133 0.954215 -0.288189 9.100000 0.051120 0.292673 0.954845 -1.373400 0.000000 0.000000 0.000000 1.000000
0.995659 0.068069 -0.063481 -0.000000 -0.083614 0.953746 -0.288750 9.100000 0.040889 0.292804 0.955298 -1.373400 0.000000 0.000000 0.000000 1.000000
0.996358 0.061545 -0.059016 -0.000000 -0.075884 0.955666 -0.284505 9.100000 0.038890 0.287948 0.956856 -1.373400 0.000000 0.000000 0.000000 1.000000
0.997181 0.043868 -0.060871 0.000000 -0.058778 0.960962 -0.270364 9.100000 0.046634 0.273180 0.960832 -1.373400 0.000000 0.000000 0.000000 1.000000
0.997401 0.026521 -0.066990 0.000000 -0.042751 0.966270 -0.253958 9.100000 0.057995 0.256162 0.964893 -1.373400 0.000000 0.000000 0.000000 1.000000
0.997355 0.022476 -0.069118 0.000000 -0.038998 0.967987 -0.247952 9.100000 0.061333 0.249992 0.966304 -1.373400 0.000000 0.000000 0.000000 1.000000
0.997590 0.029580 -0.062762 -0.000000 -0.044725 0.965707 -0.255755 9.100000 0.053045 0.257945 0.964702 -1.373400 0.000000 0.000000 0.000000 1.000000
0.997979 0.037906 -0.050994 0.000000 -0.050381 0.961103 -0.271557 9.100000 0.038717 0.273578 0.961070 -1.373400 0.000000 0.000000 0.000000 1.000000
0.998358 0.042004 -0.038941 -0.000000 -0.051481 0.956074 -0.288569 9.100000 0.025110 0.290100 0.956667 -1.373400 0.000000 0.000000 0.000000 1.000000
0.998707 0.040831 -0.030292 0.000000 -0.048085 0.952110 -0.301950 9.100000 0.016512 0.303016 0.952842 -1.373400 0.000000 0.000000 0.000000 1.000000
0.999096 0.033206 -0.026539 0.000000 -0.039815 0.949719 -0.310563 9.100000 0.014892 0.311339 0.950182 -1.373400 0.000000 0.000000 0.000000 1.000000
0.999406 0.021856 -0.026633 0.000000 -0.029090 0.949501 -0.312414 9.100000 0.018460 0.313003 0.949573 -1.373400 0.000000 0.000000 0.000000 1.000000
0.999521 0.012856 -0.028169 -0.000000 -0.020861 0.951867 -0.305800 9.100000 0.022882 0.306241 0.951679 -1.373400 0.000000 0.000000 0.000000 1.000000
0.999547 0.006901 -0.029279 0.000000 -0.015192 0.955888 -0.293337 9.100000 0.025963 0.293649 0.955561 -1.373400 0.000000 0.000000 0.000000 1.000000
0.999522 0.010013 -0.029261 0.000000 -0.018056 0.957082 -0.289254 9.100000 0.025109 0.289644 0.956805 -1.373400 0.000000 0.000000 0.000000 1.000000
0.999287 0.025536 -0.027807 0.000000 -0.032666 0.954093 -0.297724 9.100000 0.018928 0.298420 0.954247 -1.373400 0.000000 0.000000 0.000000 1.000000
0.998698 0.040745 -0.030709 0.000000 -0.048235 0.950170 -0.307979 9.100000 0.016630 0.309059 0.950897 -1.373400 0.000000 0.000000 0.000000 1.000000
0.997723 0.053504 -0.041071 0.000000 -0.063845 0.945534 -0.319202 9.100000 0.021755 0.321097 0.946796 -1.373400 0.000000 0.000000 0.000000 1.000000
0.996681 0.056756 -0.058361 -0.000000 -0.072787 0.942346 -0.326629 9.100000 0.036458 0.329793 0.943349 -1.373400 0.000000 0.000000 0.000000 1.000000
0.995634 0.051169 -0.078072 0.000000 -0.074178 0.941427 -0.328958 9.100000 0.056667 0.333313 0.941112 -1.373400 0.000000 0.000000 0.000000 1.000000
0.994907 0.044411 -0.090483 0.000000 -0.071838 0.942121 -0.327485 9.100000 0.070702 0.332318 0.940514 -1.373400 0.000000 0.000000 0.000000 1.000000
0.994965 0.033005 -0.094629 -0.000000 -0.061759 0.945549 -0.319567 9.100000 0.078929 0.323802 0.942827 -1.373400 0.000000 0.000000 0.000000 1.000000
0.995483 0.016025 -0.093575 0.000000 -0.044045 0.951112 -0.305689 9.100000 0.084102 0.308430 0.947522 -1.373400 0.000000 0.000000 0.000000 1.000000
0.995825 0.000317 -0.091281 0.000000 -0.027148 0.955772 -0.292852 9.100000 0.087151 0.294107 0.951791 -1.373400 0.000000 0.000000 0.000000 1.000000
0.995741 -0.006598 -0.091960 0.000000 -0.020314 0.957223 -0.288638 9.100000 0.089930 0.289277 0.953012 -1.373400 0.000000 0.000000 0.000000 1.000000
0.995353 -0.006575 -0.096064 0.000000 -0.022000 0.955746 -0.293371 9.100000 0.093741 0.294121 0.951160 -1.373400 0.000000 0.000000 0.000000 1.000000
0.995161 -0.004039 -0.098178 -0.000000 -0.025784 0.953410 -0.300573 9.100000 0.094818 0.301650 0.948692 -1.373400 0.000000 0.000000 0.000000 1.000000
0.995413 0.001056 -0.095668 0.000000 -0.030260 0.952083 -0.304338 9.100000 0.090763 0.305837 0.947748 -1.373400 0.000000 0.000000 0.000000 1.000000
0.995692 0.011596 -0.091994 0.000000 -0.039097 0.952142 -0.303145 9.100000 0.084076 0.305436 0.948494 -1.373400 0.000000 0.000000 0.000000 1.000000
0.995698 0.027756 -0.088401 0.000000 -0.052988 0.953241 -0.297531 9.100000 0.076009 0.300935 0.950611 -1.373400 0.000000 0.000000 0.000000 1.000000</float_array><technique_common><accessor source="#mixamorig_Spine2-Matrix-animation-output-transform-array" count="32" stride="16"><param type="float4x4"/></accessor></technique_common></source><source id="mixamorig_Spine2-Interpolations"><Name_array id="mixamorig_Spine2-Interpolations-array" count="32">
 LINEAR LINEAR LINEAR LINEAR LINEAR LINEAR LINEAR LINEAR LINEAR LINEAR LINEAR
LINEAR LINEAR LINEAR LINEAR LINEAR LINEAR LINEAR LINEAR LINEAR LINEAR LINEAR LINEAR
LINEAR LINEAR LINEAR LINEAR LINEAR LINEAR LINEAR LINEAR LINEAR</Name_array><technique_common><accessor source="#mixamorig_Spine2-Interpolations-array" count="32"><param type="name"/></accessor></technique_common></source><sampler id="mixamorig_Spine2-Matrix-animation-transform"><input semantic="INPUT" source="#mixamorig_Spine2-Matrix-animation-input"/><input semantic="OUTPUT" source="#mixamorig_Spine2-Matrix-animation-output-transform"/><input semantic="INTERPOLATION" source="#mixamorig_Spine2-Interpolations"/></sampler><channel source="#mixamorig_Spine2-Matrix-animation-transform" target="mixamorig_Spine2/matrix"/></animation>
    <animation id="mixamorig_Neck-anim" name="mixamorig_Neck"><source id="mixamorig_Neck-Matrix-animation-input"><float_array id="mixamorig_Neck-Matrix-animation-input-array" count="32">

0.000000 0.033333 0.066667 0.100000 0.133333 0.166667 0.200000 0.233333 0.266667 0.300000 0.333333 0.366667 0.400000 0.433333 0.466667 0.500000
0.533333 0.566667 0.600000 0.633333 0.666667 0.700000 0.733333 0.766667 0.800000 0.833333 0.866667 0.900000 0.933333 0.966667 1.000000 1.033333</float_array><technique_common><accessor source="#mixamorig_Neck-Matrix-animation-input-array" count="32"><param name="TIME" type="float"/></accessor></technique_common></source><source id="mixamorig_Neck-Matrix-animation-output-transform"><float_array id="mixamorig_Neck-Matrix-animation-output-transform-array" count="512">

0.994537 -0.039217 0.096734 -0.000000 0.042413 0.998613 -0.031202 16.671700 -0.095376 0.035135 0.994821 -2.516200 0.000000 0.000000 0.000000 1.000000
0.994602 -0.038240 0.096463 -0.000000 0.041727 0.998537 -0.034394 16.671700 -0.095007 0.038233 0.994742 -2.516200 0.000000 0.000000 0.000000 1.000000
0.994671 -0.037165 0.096169 -0.000000 0.040728 0.998545 -0.035355 16.671700 -0.094715 0.039083 0.994737 -2.516200 0.000000 0.000000 0.000000 1.000000
0.994678 -0.037739 0.095876 0.000000 0.041278 0.998527 -0.035202 16.671700 -0.094406 0.038973 0.994771 -2.516200 0.000000 0.000000 0.000000 1.000000
0.994588 -0.039861 0.095950 0.000000 0.043426 0.998431 -0.035359 16.671700 -0.094390 0.039335 0.994758 -2.516200 0.000000 0.000000 0.000000 1.000000
0.994413 -0.043386 0.096231 0.000000 0.046965 0.998275 -0.035244 16.671700 -0.094536 0.039567 0.994735 -2.516200 0.000000 0.000000 0.000000 1.000000
0.994196 -0.048973 0.095795 0.000000 0.052468 0.998033 -0.034312 16.671700 -0.093926 0.039139 0.994810 -2.516200 0.000000 0.000000 0.000000 1.000000
0.993989 -0.056097 0.094014 -0.000000 0.059373 0.997709 -0.032415 16.671700 -0.091980 0.037802 0.995043 -2.516200 0.000000 0.000000 0.000000 1.000000
0.993831 -0.063405 0.090997 0.000000 0.066168 0.997425 -0.027666 16.671700 -0.089009 0.033516 0.995467 -2.516200 0.000000 0.000000 0.000000 1.000000
0.993810 -0.068714 0.087289 0.000000 0.070570 0.997338 -0.018360 16.671700 -0.085795 0.024407 0.996014 -2.516200 0.000000 0.000000 0.000000 1.000000
0.994065 -0.069291 0.083870 0.000000 0.070207 0.997500 -0.008013 16.671700 -0.083105 0.013854 0.996444 -2.516200 0.000000 0.000000 0.000000 1.000000
0.994518 -0.065132 0.081802 -0.000000 0.065574 0.997844 -0.002719 16.671700 -0.081449 0.008068 0.996645 -2.516200 0.000000 0.000000 0.000000 1.000000
0.994870 -0.059855 0.081558 0.000000 0.060273 0.998178 -0.002665 16.671700 -0.081250 0.007567 0.996665 -2.516200 0.000000 0.000000 0.000000 1.000000
0.994911 -0.057683 0.082607 0.000000 0.058217 0.998296 -0.004071 16.671700 -0.082231 0.008860 0.996574 -2.516200 0.000000 0.000000 0.000000 1.000000
0.994622 -0.061401 0.083414 0.000000 0.062145 0.998047 -0.006359 16.671700 -0.082860 0.011508 0.996495 -2.516200 0.000000 0.000000 0.000000 1.000000
0.994138 -0.069276 0.083004 0.000000 0.070425 0.997457 -0.010992 16.671700 -0.082032 0.016773 0.996489 -2.516200 0.000000 0.000000 0.000000 1.000000
0.993758 -0.074022 0.083463 0.000000 0.075682 0.996989 -0.016898 16.671700 -0.081961 0.023109 0.996368 -2.516200 0.000000 0.000000 0.000000 1.000000
0.993519 -0.074072 0.086222 -0.000000 0.076449 0.996770 -0.024596 16.671700 -0.084122 0.031028 0.995972 -2.516200 0.000000 0.000000 0.000000 1.000000
0.993335 -0.072874 0.089301 0.000000 0.075984 0.996597 -0.031937 16.671700 -0.086669 0.038509 0.995493 -2.516200 0.000000 0.000000 0.000000 1.000000
0.993201 -0.070640 0.092527 0.000000 0.074451 0.996485 -0.038399 16.671700 -0.089489 0.045027 0.994969 -2.516200 0.000000 0.000000 0.000000 1.000000
0.992931 -0.071582 0.094681 0.000000 0.075754 0.996274 -0.041232 16.671700 -0.091377 0.048113 0.994653 -2.516200 0.000000 0.000000 0.000000 1.000000
0.992599 -0.075029 0.095486 -0.000000 0.079019 0.996121 -0.038705 16.671700 -0.092212 0.045963 0.994678 -2.516200 0.000000 0.000000 0.000000 1.000000
0.992475 -0.076126 0.095912 -0.000000 0.079564 0.996298 -0.032543 16.671700 -0.093079 0.039929 0.994858 -2.516200 0.000000 0.000000 0.000000 1.000000
0.992801 -0.071709 0.095933 0.000000 0.074356 0.996936 -0.024305 16.671700 -0.093896 0.031263 0.995091 -2.516200 0.000000 0.000000 0.000000 1.000000
0.993459 -0.061263 0.096369 0.000000 0.063470 0.997783 -0.020008 16.671700 -0.094930 0.025994 0.995145 -2.516200 0.000000 0.000000 0.000000 1.000000
0.993899 -0.051291 0.097638 0.000000 0.053775 0.998288 -0.022985 16.671700 -0.096291 0.028095 0.994957 -2.516200 0.000000 0.000000 0.000000 1.000000
0.993934 -0.048149 0.098873 0.000000 0.051206 0.998278 -0.028619 16.671700 -0.097325 0.033508 0.994688 -2.516200 0.000000 0.000000 0.000000 1.000000
0.993904 -0.047573 0.099461 -0.000000 0.050815 0.998248 -0.030323 16.671700 -0.097844 0.035192 0.994579 -2.516200 0.000000 0.000000 0.000000 1.000000
0.994066 -0.044888 0.099082 0.000000 0.047914 0.998448 -0.028378 16.671700 -0.097654 0.032957 0.994675 -2.516200 0.000000 0.000000 0.000000 1.000000
0.994314 -0.041397 0.098109 0.000000 0.044227 0.998661 -0.026846 16.671700 -0.096867 0.031032 0.994813 -2.516200 0.000000 0.000000 0.000000 1.000000
0.994471 -0.039628 0.097243 0.000000 0.042518 0.998708 -0.027831 16.671700 -0.096015 0.031812 0.994871 -2.516200 0.000000 0.000000 0.000000 1.000000
0.994537 -0.039217 0.096734 0.000000 0.042413 0.998613 -0.031203 16.671700 -0.095376 0.035135 0.994821 -2.516200 0.000000 0.000000 0.000000 1.000000</float_array><technique_common><accessor source="#mixamorig_Neck-Matrix-animation-output-transform-array" count="32" stride="16"><param type="float4x4"/></accessor></technique_common></source><source id="mixamorig_Neck-Interpolations"><Name_array id="mixamorig_Neck-Interpolations-array" count="32">
 LINEAR LINEAR LINEAR LINEAR LINEAR LINEAR LINEAR LINEAR LINEAR LINEAR LINEAR
LINEAR LINEAR LINEAR LINEAR LINEAR LINEAR LINEAR LINEAR LINEAR LINEAR LINEAR LINEAR
LINEAR LINEAR LINEAR LINEAR LINEAR LINEAR LINEAR LINEAR LINEAR</Name_array><technique_common><accessor source="#mixamorig_Neck-Interpolations-array" count="32"><param type="name"/></accessor></technique_common></source><sampler id="mixamorig_Neck-Matrix-animation-transform"><input semantic="INPUT" source="#mixamorig_Neck-Matrix-animation-input"/><input semantic="OUTPUT" source="#mixamorig_Neck-Matrix-animation-output-transform"/><input semantic="INTERPOLATION" source="#mixamorig_Neck-Interpolations"/></sampler><channel source="#mixamorig_Neck-Matrix-animation-transform" target="mixamorig_Neck/matrix"/></animation>
    <animation id="mixamorig_Head-anim" name="mixamorig_Head"><source id="mixamorig_Head-Matrix-animation-input"><float_array id="mixamorig_Head-Matrix-animation-input-array" count="32">

0.000000 0.033333 0.066667 0.100000 0.133333 0.166667 0.200000 0.233333 0.266667 0.300000 0.333333 0.366667 0.400000 0.433333 0.466667 0.500000
0.533333 0.566667 0.600000 0.633333 0.666667 0.700000 0.733333 0.766667 0.800000 0.833333 0.866667 0.900000 0.933333 0.966667 1.000000 1.033333</float_array><technique_common><accessor source="#mixamorig_Head-Matrix-animation-input-array" count="32"><param name="TIME" type="float"/></accessor></technique_common></source><source id="mixamorig_Head-Matrix-animation-output-transform"><float_array id="mixamorig_Head-Matrix-animation-output-transform-array" count="512">

0.817333 0.069567 0.571950 0.000000 -0.411444 0.765386 0.494872 9.617900 -0.403335 -0.639801 0.654198 1.685000 0.000000 0.000000 0.000000 1.000000
0.819221 0.067711 0.569466 0.000000 -0.406583 0.768874 0.493481 9.617900 -0.404434 -0.635805 0.657408 1.685000 0.000000 0.000000 0.000000 1.000000
0.820051 0.070371 0.567947 0.000000 -0.401986 0.777195 0.484123 9.617900 -0.407337 -0.625313 0.665628 1.685000 0.000000 0.000000 0.000000 1.000000
0.819836 0.073872 0.567813 0.000000 -0.400382 0.782872 0.476241 9.617900 -0.409344 -0.617782 0.671404 1.685000 0.000000 0.000000 0.000000 1.000000
0.818816 0.073874 0.569284 0.000000 -0.400999 0.783231 0.475130 9.617900 -0.410781 -0.617326 0.670945 1.685000 0.000000 0.000000 0.000000 1.000000
0.817864 0.070633 0.571060 0.000000 -0.400878 0.781900 0.477420 9.617900 -0.412791 -0.619390 0.667803 1.685000 0.000000 0.000000 0.000000 1.000000
0.818285 0.068267 0.570744 -0.000000 -0.398796 0.782510 0.478164 9.617900 -0.413970 -0.618885 0.667541 1.685000 0.000000 0.000000 0.000000 1.000000
0.821157 0.068933 0.566523 -0.000000 -0.396041 0.783578 0.478704 9.617900 -0.410917 -0.617458 0.670741 1.685000 0.000000 0.000000 0.000000 1.000000
0.827141 0.071141 0.557473 -0.000000 -0.392939 0.782396 0.483173 9.617900 -0.401791 -0.618705 0.675106 1.685000 0.000000 0.000000 0.000000 1.000000
0.835569 0.074769 0.544274 0.000000 -0.387903 0.781848 0.488103 9.617900 -0.389044 -0.618969 0.682292 1.685000 0.000000 0.000000 0.000000 1.000000
0.843654 0.081944 0.530597 -0.000000 -0.380881 0.787873 0.483927 9.617900 -0.378388 -0.610361 0.695904 1.685000 0.000000 0.000000 0.000000 1.000000
0.848346 0.092118 0.521367 0.000000 -0.375629 0.798697 0.470090 9.617900 -0.373111 -0.594640 0.712174 1.685000 0.000000 0.000000 0.000000 1.000000
0.848228 0.101038 0.519904 0.000000 -0.376463 0.805494 0.457662 9.617900 -0.372539 -0.583926 0.721280 1.685000 0.000000 0.000000 0.000000 1.000000
0.844612 0.104537 0.525074 -0.000000 -0.382043 0.804759 0.454318 9.617900 -0.375065 -0.584324 0.719647 1.685000 0.000000 0.000000 0.000000 1.000000
0.841117 0.102462 0.531059 0.000000 -0.385936 0.801602 0.456604 9.617900 -0.378913 -0.589012 0.713785 1.685000 0.000000 0.000000 0.000000 1.000000
0.839854 0.099371 0.533638 0.000000 -0.385405 0.801450 0.457320 9.617900 -0.382240 -0.589749 0.711399 1.685000 0.000000 0.000000 0.000000 1.000000
0.837206 0.096441 0.538318 0.000000 -0.386789 0.800298 0.458168 9.617900 -0.386628 -0.591796 0.707316 1.685000 0.000000 0.000000 0.000000 1.000000
0.830815 0.089444 0.549315 0.000000 -0.393194 0.792859 0.465589 9.617900 -0.393885 -0.602806 0.693887 1.685000 0.000000 0.000000 0.000000 1.000000
0.824142 0.081432 0.560499 0.000000 -0.399914 0.784436 0.474055 9.617900 -0.401072 -0.614840 0.679053 1.685000 0.000000 0.000000 0.000000 1.000000
0.817591 0.072363 0.571235 0.000000 -0.406580 0.775038 0.483745 9.617900 -0.407723 -0.627758 0.663085 1.685000 0.000000 0.000000 0.000000 1.000000
0.812340 0.065711 0.579470 0.000000 -0.414154 0.764559 0.493889 9.617900 -0.410585 -0.641196 0.648296 1.685000 0.000000 0.000000 0.000000 1.000000
0.809721 0.062224 0.583506 0.000000 -0.420038 0.755833 0.502279 9.617900 -0.409780 -0.651801 0.638151 1.685000 0.000000 0.000000 0.000000 1.000000
0.807677 0.063967 0.586144 -0.000000 -0.422876 0.755602 0.500241 9.617900 -0.410893 -0.651900 0.637333 1.685000 0.000000 0.000000 0.000000 1.000000
0.805902 0.075209 0.587253 0.000000 -0.422315 0.768195 0.481172 9.617900 -0.414936 -0.635783 0.650852 1.685000 0.000000 0.000000 0.000000 1.000000
0.804213 0.089499 0.587564 -0.000000 -0.420907 0.783735 0.456725 9.617900 -0.419618 -0.614614 0.667960 1.685000 0.000000 0.000000 0.000000 1.000000
0.803084 0.093051 0.588556 -0.000000 -0.418820 0.790733 0.446465 9.617900 -0.423846 -0.605048 0.673996 1.685000 0.000000 0.000000 0.000000 1.000000
0.804109 0.082459 0.588735 -0.000000 -0.413247 0.789460 0.453851 9.617900 -0.427358 -0.608239 0.668888 1.685000 0.000000 0.000000 0.000000 1.000000
0.807088 0.070591 0.586196 -0.000000 -0.406093 0.787070 0.464337 9.617900 -0.428599 -0.612811 0.663902 1.685000 0.000000 0.000000 0.000000 1.000000
0.810217 0.068823 0.582075 0.000000 -0.403916 0.785191 0.469390 9.617900 -0.424735 -0.615418 0.663974 1.685000 0.000000 0.000000 0.000000 1.000000
0.812625 0.072966 0.578201 0.000000 -0.408075 0.779557 0.475149 9.617900 -0.416071 -0.622067 0.663263 1.685000 0.000000 0.000000 0.000000 1.000000
0.814891 0.073370 0.574952 -0.000000 -0.412309 0.770561 0.486042 9.617900 -0.407375 -0.633129 0.658175 1.685000 0.000000 0.000000 0.000000 1.000000
0.817333 0.069567 0.571950 0.000000 -0.411445 0.765385 0.494873 9.617900 -0.403335 -0.639802 0.654198 1.685000 0.000000 0.000000 0.000000 1.000000</float_array><technique_common><accessor source="#mixamorig_Head-Matrix-animation-output-transform-array" count="32" stride="16"><param type="float4x4"/></accessor></technique_common></source><source id="mixamorig_Head-Interpolations"><Name_array id="mixamorig_Head-Interpolations-array" count="32">
 LINEAR LINEAR LINEAR LINEAR LINEAR LINEAR LINEAR LINEAR LINEAR LINEAR LINEAR
LINEAR LINEAR LINEAR LINEAR LINEAR LINEAR LINEAR LINEAR LINEAR LINEAR LINEAR LINEAR
