<?xml version="1.0" encoding="utf-8"?>
<COLLADA xmlns="http://www.collada.org/2005/11/COLLADASchema" version="1.4.1">
  <asset><contributor><author>Mixamo</author><authoring_tool>COLLADA Mixamo exporter</authoring_tool><comments></comments></contributor><created>2019-03-19T12:39:12Z</created><modified>2019-03-19T12:39:12Z</modified><revision></revision><title></title><unit meter="0.010000"/><up_axis>Y_UP</up_axis></asset>
  <library_animations>
    <animation id="mixamorig_Hips-anim" name="mixamorig_Hips"><source id="mixamorig_Hips-Matrix-animation-input"><float_array id="mixamorig_Hips-Matrix-animation-input-array" count="61">

0.000000 0.033333 0.066667 0.100000 0.133333 0.166667 0.200000 0.233333 0.266667 0.300000 0.333333 0.366667 0.400000 0.433333 0.466667 0.500000
0.533333 0.566667 0.600000 0.633333 0.666667 0.700000 0.733333 0.766667 0.800000 0.833333 0.866667 0.900000 0.933333 0.966667 1.000000 1.033333
1.066667 1.100000 1.133333 1.166667 1.200000 1.233333 1.266667 1.300000 1.333333 1.366667 1.400000 1.433333 1.466667 1.500000 1.533333 1.566667
1.600000 1.633333 1.666667 1.700000 1.733333 1.766667 1.800000 1.833333 1.866667 1.900000 1.933333 1.966667 2.000000</float_array><technique_common><accessor source="#mixamorig_Hips-Matrix-animation-input-array" count="61"><param name="TIME" type="float"/></accessor></technique_common></source><source id="mixamorig_Hips-Matrix-animation-output-transform"><float_array id="mixamorig_Hips-Matrix-animation-output-transform-array" count="976">

0.949697 0.026521 -0.312046 -0.463490 0.009984 0.993337 0.114812 97.963676 0.313012 -0.112152 0.943104 1.268262 0.000000 0.000000 0.000000 1.000000
0.948977 0.027335 -0.314158 -0.445568 0.009265 0.993389 0.114421 97.941498 0.315209 -0.111493 0.942450 1.288633 0.000000 0.000000 0.000000 1.000000
0.948269 0.027871 -0.316242 -0.418877 0.008417 0.993581 0.112806 97.933823 0.317356 -0.109633 0.941948 1.328230 0.000000 0.000000 0.000000 1.000000
0.947983 0.028136 -0.317075 -0.394398 0.007439 0.993856 0.110431 97.947777 0.318234 -0.107045 0.941949 1.393477 0.000000 0.000000 0.000000 1.000000
0.948269 0.028132 -0.316219 -0.385403 0.006620 0.994097 0.108291 97.972771 0.317399 -0.104782 0.942485 1.479742 0.000000 0.000000 0.000000 1.000000
0.948938 0.028074 -0.314210 -0.391782 0.006067 0.994224 0.107153 97.991516 0.315404 -0.103588 0.943287 1.576556 0.000000 0.000000 0.000000 1.000000
0.949547 0.028471 -0.312329 -0.394675 0.005379 0.994246 0.106986 97.992340 0.313578 -0.103269 0.943930 1.676162 0.000000 0.000000 0.000000 1.000000
0.949546 0.029705 -0.312217 -0.372061 0.004145 0.994229 0.107200 97.962128 0.313599 -0.103085 0.943943 1.771333 0.000000 0.000000 0.000000 1.000000
0.948627 0.031687 -0.314806 -0.318300 0.002401 0.994223 0.107308 97.893913 0.316388 -0.102551 0.943071 1.853273 0.000000 0.000000 0.000000 1.000000
0.946868 0.034072 -0.319812 -0.244986 0.000503 0.994215 0.107409 97.799767 0.321622 -0.101863 0.941373 1.916693 0.000000 0.000000 0.000000 1.000000
0.944400 0.036866 -0.326725 -0.168691 -0.001457 0.994154 0.107962 97.706886 0.328795 -0.101483 0.938933 1.967164 0.000000 0.000000 0.000000 1.000000
0.941037 0.040692 -0.335847 -0.092716 -0.004303 0.994099 0.108390 97.632065 0.338275 -0.100554 0.935659 2.017217 0.000000 0.000000 0.000000 1.000000
0.936305 0.046148 -0.348143 -0.005554 -0.009413 0.994270 0.106479 97.571365 0.351062 -0.096420 0.931375 2.074141 0.000000 0.000000 0.000000 1.000000
0.930004 0.052975 -0.363711 0.101875 -0.017032 0.994707 0.101332 97.515152 0.367154 -0.088044 0.925984 2.131211 0.000000 0.000000 0.000000 1.000000
0.923074 0.059811 -0.379943 0.224435 -0.024768 0.995028 0.096462 97.457352 0.383824 -0.079631 0.919966 2.171362 0.000000 0.000000 0.000000 1.000000
0.917417 0.065216 -0.392547 0.346355 -0.029397 0.994891 0.096582 97.407997 0.396840 -0.077066 0.914647 2.189725 0.000000 0.000000 0.000000 1.000000
0.913791 0.069564 -0.400183 0.468586 -0.031360 0.994367 0.101242 97.363029 0.404972 -0.079964 0.910826 2.210515 0.000000 0.000000 0.000000 1.000000
0.910596 0.074930 -0.406448 0.609952 -0.035094 0.993895 0.104604 97.311676 0.411805 -0.080988 0.907666 2.272646 0.000000 0.000000 0.000000 1.000000
0.906373 0.082284 -0.414389 0.766858 -0.043674 0.993844 0.101818 97.292778 0.420216 -0.074187 0.904387 2.406326 0.000000 0.000000 0.000000 1.000000
0.902309 0.089884 -0.421615 0.914675 -0.055454 0.994097 0.093253 97.361420 0.427508 -0.060762 0.901967 2.620595 0.000000 0.000000 0.000000 1.000000
0.900230 0.095490 -0.424814 1.046586 -0.066536 0.994366 0.082517 97.545563 0.430301 -0.046019 0.901512 2.891982 0.000000 0.000000 0.000000 1.000000
0.899630 0.098237 -0.425460 1.181003 -0.074401 0.994602 0.072329 97.820740 0.430268 -0.033415 0.902082 3.176857 0.000000 0.000000 0.000000 1.000000
0.899142 0.098426 -0.426447 1.326023 -0.079389 0.994899 0.062240 98.149307 0.430397 -0.022107 0.902369 3.458547 0.000000 0.000000 0.000000 1.000000
0.899080 0.096584 -0.426997 1.457796 -0.082840 0.995272 0.050699 98.500656 0.429875 -0.010210 0.902831 3.753994 0.000000 0.000000 0.000000 1.000000
0.900116 0.093078 -0.425590 1.556018 -0.083755 0.995658 0.040613 98.842865 0.427523 -0.000911 0.904004 4.049989 0.000000 0.000000 0.000000 1.000000
0.901592 0.087859 -0.423572 1.626986 -0.078433 0.996130 0.039673 99.129906 0.425418 -0.002546 0.904993 4.279182 0.000000 0.000000 0.000000 1.000000
0.903009 0.081069 -0.421904 1.678767 -0.065978 0.996554 0.050274 99.326149 0.424525 -0.017561 0.905246 4.421264 0.000000 0.000000 0.000000 1.000000
0.905227 0.073758 -0.418479 1.704014 -0.052490 0.996687 0.062125 99.452866 0.421674 -0.034271 0.906099 4.578638 0.000000 0.000000 0.000000 1.000000
0.908321 0.067166 -0.412846 1.704952 -0.044209 0.996911 0.064922 99.567574 0.415931 -0.040719 0.908484 4.839746 0.000000 0.000000 0.000000 1.000000
0.910750 0.061803 -0.408308 1.697306 -0.040319 0.997322 0.061023 99.685905 0.410986 -0.039114 0.910802 5.151683 0.000000 0.000000 0.000000 1.000000
0.911976 0.057074 -0.406254 1.678251 -0.036659 0.997651 0.057864 99.780289 0.408602 -0.037878 0.911926 5.404655 0.000000 0.000000 0.000000 1.000000
0.913459 0.052621 -0.403513 1.627233 -0.032417 0.997862 0.056744 99.833443 0.405636 -0.038752 0.913213 5.560574 0.000000 0.000000 0.000000 1.000000
0.916421 0.049235 -0.397176 1.538888 -0.029874 0.998051 0.054790 99.850822 0.399100 -0.038345 0.916105 5.643912 0.000000 0.000000 0.000000 1.000000
0.920405 0.047344 -0.388089 1.422825 -0.029364 0.998208 0.052134 99.839584 0.389862 -0.036589 0.920146 5.666003 0.000000 0.000000 0.000000 1.000000
0.924460 0.046036 -0.378490 1.280151 -0.028751 0.998275 0.051196 99.799911 0.380194 -0.036446 0.924188 5.620451 0.000000 0.000000 0.000000 1.000000
0.928281 0.044370 -0.369222 1.105885 -0.026857 0.998263 0.052440 99.730972 0.370908 -0.038763 0.927860 5.517620 0.000000 0.000000 0.000000 1.000000
0.931898 0.042380 -0.360236 0.908383 -0.024206 0.998203 0.054812 99.640076 0.361911 -0.042360 0.931250 5.376633 0.000000 0.000000 0.000000 1.000000
0.935224 0.040431 -0.351740 0.708270 -0.021431 0.998101 0.057746 99.538712 0.353406 -0.046467 0.934315 5.202773 0.000000 0.000000 0.000000 1.000000
0.938252 0.038769 -0.343774 0.522127 -0.019002 0.997976 0.060684 99.434006 0.345431 -0.050405 0.937089 5.003792 0.000000 0.000000 0.000000 1.000000
0.941235 0.037437 -0.335671 0.356726 -0.017208 0.997863 0.063037 99.327812 0.337314 -0.053557 0.939868 4.800317 0.000000 0.000000 0.000000 1.000000
0.944366 0.035938 -0.326928 0.213485 -0.015348 0.997745 0.065344 99.217339 0.328539 -0.056691 0.942788 4.602817 0.000000 0.000000 0.000000 1.000000
0.947404 0.033712 -0.318259 0.095700 -0.012450 0.997566 0.068609 99.095169 0.319797 -0.061038 0.945518 4.403663 0.000000 0.000000 0.000000 1.000000
0.949897 0.031158 -0.311008 0.012637 -0.008893 0.997310 0.072753 98.957458 0.312438 -0.066342 0.947619 4.194219 0.000000 0.000000 0.000000 1.000000
0.951595 0.028954 -0.305988 -0.035227 -0.005585 0.997018 0.076973 98.815392 0.307304 -0.071538 0.948919 3.975212 0.000000 0.000000 0.000000 1.000000
0.952518 0.026815 -0.303299 -0.070857 -0.002348 0.996732 0.080751 98.687309 0.304473 -0.076204 0.949468 3.756300 0.000000 0.000000 0.000000 1.000000
0.952880 0.024440 -0.302362 -0.119159 0.001008 0.996489 0.083722 98.582680 0.303346 -0.080082 0.949509 3.551956 0.000000 0.000000 0.000000 1.000000
0.953063 0.022604 -0.301926 -0.180512 0.003496 0.996321 0.085628 98.502350 0.302750 -0.082664 0.949478 3.370769 0.000000 0.000000 0.000000 1.000000
0.953385 0.022084 -0.300946 -0.241029 0.004359 0.996206 0.086912 98.439972 0.301724 -0.084172 0.949672 3.205741 0.000000 0.000000 0.000000 1.000000
0.953837 0.022669 -0.299468 -0.291318 0.004107 0.996069 0.088481 98.383240 0.300297 -0.085627 0.949995 3.044779 0.000000 0.000000 0.000000 1.000000
0.954209 0.023641 -0.298206 -0.329668 0.003710 0.995860 0.090820 98.326767 0.299118 -0.087768 0.950171 2.887516 0.000000 0.000000 0.000000 1.000000
0.954309 0.024665 -0.297802 -0.357565 0.003491 0.995599 0.093648 98.273659 0.298801 -0.090409 0.950023 2.743249 0.000000 0.000000 0.000000 1.000000
0.954054 0.025856 -0.298516 -0.375040 0.003169 0.995344 0.096339 98.224388 0.299617 -0.092858 0.949530 2.616340 0.000000 0.000000 0.000000 1.000000
0.953527 0.027310 -0.300068 -0.379202 0.002577 0.995108 0.098758 98.176628 0.301298 -0.094942 0.948792 2.499120 0.000000 0.000000 0.000000 1.000000
0.953222 0.028695 -0.300907 -0.359871 0.001808 0.994925 0.100605 98.131310 0.302267 -0.096443 0.948332 2.403651 0.000000 0.000000 0.000000 1.000000
0.953004 0.030016 -0.301467 -0.347876 0.001073 0.994739 0.102433 98.097153 0.302956 -0.097942 0.947958 2.314254 0.000000 0.000000 0.000000 1.000000
0.952893 0.031120 -0.301705 -0.331636 0.000447 0.994577 0.103998 98.076340 0.303305 -0.099233 0.947712 2.251112 0.000000 0.000000 0.000000 1.000000
0.952837 0.031628 -0.301829 -0.314766 0.000238 0.994476 0.104960 98.054024 0.303482 -0.100082 0.947567 2.210954 0.000000 0.000000 0.000000 1.000000
0.952803 0.032030 -0.301896 -0.298632 0.000060 0.994399 0.105689 98.033524 0.303590 -0.100719 0.947464 2.178514 0.000000 0.000000 0.000000 1.000000
0.952784 0.032308 -0.301924 -0.284886 -0.000078 0.994349 0.106156 98.016510 0.303647 -0.101120 0.947403 2.154207 0.000000 0.000000 0.000000 1.000000
0.952778 0.032470 -0.301928 -0.275325 -0.000167 0.994323 0.106404 98.004921 0.303669 -0.101329 0.947374 2.138947 0.000000 0.000000 0.000000 1.000000
0.952776 0.032523 -0.301926 -0.271734 -0.000199 0.994315 0.106477 98.000633 0.303673 -0.101389 0.947366 2.133658 0.000000 0.000000 0.000000 1.000000</float_array><technique_common><accessor source="#mixamorig_Hips-Matrix-animation-output-transform-array" count="61" stride="16"><param type="float4x4"/></accessor></technique_common></source><source id="mixamorig_Hips-Interpolations"><Name_array id="mixamorig_Hips-Interpolations-array" count="61">
 LINEAR LINEAR LINEAR LINEAR LINEAR LINEAR LINEAR LINEAR LINEAR LINEAR LINEAR
LINEAR LINEAR LINEAR LINEAR LINEAR LINEAR LINEAR LINEAR LINEAR LINEAR LINEAR LINEAR
LINEAR LINEAR LINEAR LINEAR LINEAR LINEAR LINEAR LINEAR LINEAR LINEAR LINEAR LINEAR
LINEAR LINEAR LINEAR LINEAR LINEAR LINEAR LINEAR LINEAR LINEAR LINEAR LINEAR LINEAR
LINEAR LINEAR LINEAR LINEAR LINEAR LINEAR LINEAR LINEAR LINEAR LINEAR LINEAR LINEAR
LINEAR LINEAR</Name_array><technique_common><accessor source="#mixamorig_Hips-Interpolations-array" count="61"><param type="name"/></accessor></technique_common></source><sampler id="mixamorig_Hips-Matrix-animation-transform"><input semantic="INPUT" source="#mixamorig_Hips-Matrix-animation-input"/><input semantic="OUTPUT" source="#mixamorig_Hips-Matrix-animation-output-transform"/><input semantic="INTERPOLATION" source="#mixamorig_Hips-Interpolations"/></sampler><channel source="#mixamorig_Hips-Matrix-animation-transform" target="mixamorig_Hips/matrix"/></animation>
    <animation id="mixamorig_Spine-anim" name="mixamorig_Spine"><source id="mixamorig_Spine-Matrix-animation-input"><float_array id="mixamorig_Spine-Matrix-animation-input-array" count="61">

0.000000 0.033333 0.066667 0.100000 0.133333 0.166667 0.200000 0.233333 0.266667 0.300000 0.333333 0.366667 0.400000 0.433333 0.466667 0.500000
0.533333 0.566667 0.600000 0.633333 0.666667 0.700000 0.733333 0.766667 0.800000 0.833333 0.866667 0.900000 0.933333 0.966667 1.000000 1.033333
1.066667 1.100000 1.133333 1.166667 1.200000 1.233333 1.266667 1.300000 1.333333 1.366667 1.400000 1.433333 1.466667 1.500000 1.533333 1.566667
1.600000 1.633333 1.666667 1.700000 1.733333 1.766667 1.800000 1.833333 1.866667 1.900000 1.933333 1.966667 2.000000</float_array><technique_common><accessor source="#mixamorig_Spine-Matrix-animation-input-array" count="61"><param name="TIME" type="float"/></accessor></technique_common></source><source id="mixamorig_Spine-Matrix-animation-output-transform"><float_array id="mixamorig_Spine-Matrix-animation-output-transform-array" count="976">

0.999953 0.008299 -0.004992 0.000000 -0.008519 0.998916 -0.045759 10.181600 0.004607 0.045799 0.998940 0.131500 0.000000 0.000000 0.000000 1.000000
0.999958 0.007917 -0.004544 0.000000 -0.008115 0.998935 -0.045418 10.181600 0.004179 0.045453 0.998958 0.131500 0.000000 0.000000 0.000000 1.000000
0.999960 0.007660 -0.004597 -0.000000 -0.007859 0.998964 -0.044825 10.181600 0.004249 0.044860 0.998984 0.131500 0.000000 0.000000 0.000000 1.000000
0.999952 0.007818 -0.005848 0.000000 -0.008071 0.998981 -0.044407 10.181600 0.005495 0.044452 0.998996 0.131500 0.000000 0.000000 0.000000 1.000000
0.999927 0.008514 -0.008545 0.000000 -0.008887 0.998965 -0.044606 10.181600 0.008156 0.044678 0.998968 0.131500 0.000000 0.000000 0.000000 1.000000
0.999877 0.009599 -0.012424 0.000000 -0.010156 0.998908 -0.045600 10.181600 0.011973 0.045721 0.998882 0.131500 0.000000 0.000000 0.000000 1.000000
0.999797 0.010819 -0.017022 -0.000000 -0.011614 0.998814 -0.047283 10.181600 0.016490 0.047471 0.998737 0.131500 0.000000 0.000000 0.000000 1.000000
0.999685 0.012003 -0.022047 -0.000000 -0.013081 0.998692 -0.049430 10.181600 0.021424 0.049703 0.998534 0.131500 0.000000 0.000000 0.000000 1.000000
0.999534 0.013065 -0.027588 0.000000 -0.014486 0.998546 -0.051926 10.181600 0.026869 0.052302 0.998270 0.131500 0.000000 0.000000 0.000000 1.000000
0.999328 0.014049 -0.033868 0.000000 -0.015892 0.998372 -0.054774 10.181600 0.033044 0.055275 0.997924 0.131500 0.000000 0.000000 0.000000 1.000000
0.999053 0.015100 -0.040797 0.000000 -0.017451 0.998169 -0.057906 10.181600 0.039848 0.058563 0.997488 0.131500 0.000000 0.000000 0.000000 1.000000
0.998724 0.016133 -0.047856 0.000000 -0.019043 0.997957 -0.060984 10.181600 0.046775 0.061818 0.996991 0.131500 0.000000 0.000000 0.000000 1.000000
0.998381 0.016716 -0.054375 0.000000 -0.020158 0.997786 -0.063376 10.181600 0.053195 0.064369 0.996507 0.131500 0.000000 0.000000 0.000000 1.000000
0.998058 0.016665 -0.060018 0.000000 -0.020547 0.997695 -0.064667 10.181600 0.058802 0.065775 0.996100 0.131500 0.000000 0.000000 0.000000 1.000000
0.997740 0.016630 -0.065106 -0.000000 -0.020890 0.997646 -0.065313 10.181600 0.063866 0.066525 0.995739 0.131500 0.000000 0.000000 0.000000 1.000000
0.997381 0.017566 -0.070168 -0.000000 -0.022233 0.997552 -0.066295 10.181600 0.068831 0.067681 0.995330 0.131500 0.000000 0.000000 0.000000 1.000000
0.996998 0.019409 -0.074959 -0.000000 -0.024526 0.997388 -0.067946 10.181600 0.073444 0.069580 0.994869 0.131500 0.000000 0.000000 0.000000 1.000000
0.996699 0.020873 -0.078458 -0.000000 -0.026364 0.997226 -0.069605 10.181600 0.076788 0.071444 0.994485 0.131500 0.000000 0.000000 0.000000 1.000000
0.996549 0.020916 -0.080328 0.000000 -0.026618 0.997151 -0.070580 10.181600 0.078623 0.072474 0.994267 0.131500 0.000000 0.000000 0.000000 1.000000
0.996466 0.019916 -0.081602 0.000000 -0.025732 0.997154 -0.070860 10.181600 0.079959 0.072710 0.994143 0.131500 0.000000 0.000000 0.000000 1.000000
0.996348 0.019097 -0.083219 0.000000 -0.025025 0.997178 -0.070785 10.181600 0.081632 0.072609 0.994014 0.131500 0.000000 0.000000 0.000000 1.000000
0.996221 0.019362 -0.084664 0.000000 -0.025365 0.997195 -0.070415 10.181600 0.083063 0.072296 0.993918 0.131500 0.000000 0.000000 0.000000 1.000000
0.996171 0.020351 -0.085030 0.000000 -0.026304 0.997236 -0.069485 10.181600 0.083381 0.071455 0.993953 0.131500 0.000000 0.000000 0.000000 1.000000
0.996205 0.021239 -0.084407 0.000000 -0.027016 0.997327 -0.067895 10.181600 0.082739 0.069917 0.994116 0.131500 0.000000 0.000000 0.000000 1.000000
0.996298 0.022116 -0.083068 0.000000 -0.027667 0.997418 -0.066276 10.181600 0.081387 0.068329 0.994338 0.131500 0.000000 0.000000 0.000000 1.000000
0.996452 0.024186 -0.080608 0.000000 -0.029529 0.997398 -0.065766 10.181600 0.078807 0.067913 0.994574 0.131500 0.000000 0.000000 0.000000 1.000000
0.996631 0.027916 -0.077114 0.000000 -0.033089 0.997229 -0.066632 10.181600 0.075040 0.068960 0.994793 0.131500 0.000000 0.000000 0.000000 1.000000
0.996756 0.031781 -0.073939 0.000000 -0.036779 0.997059 -0.067238 10.181600 0.071584 0.069739 0.994994 0.131500 0.000000 0.000000 0.000000 1.000000
0.996826 0.034334 -0.071825 0.000000 -0.039087 0.997064 -0.065844 10.181600 0.069353 0.068442 0.995242 0.131500 0.000000 0.000000 0.000000 1.000000
0.996939 0.035684 -0.069561 0.000000 -0.040071 0.997226 -0.062722 10.181600 0.067130 0.065317 0.995604 0.131500 0.000000 0.000000 0.000000 1.000000
0.997181 0.036260 -0.065683 -0.000000 -0.040166 0.997440 -0.059160 10.181600 0.063370 0.061632 0.996085 0.131500 0.000000 0.000000 0.000000 1.000000
0.997543 0.035644 -0.060307 -0.000000 -0.039014 0.997687 -0.055670 10.181600 0.058183 0.057886 0.996626 0.131500 0.000000 0.000000 0.000000 1.000000
0.997961 0.033224 -0.054507 -0.000000 -0.036073 0.997989 -0.052131 10.181600 0.052665 0.053991 0.997152 0.131500 0.000000 0.000000 0.000000 1.000000
0.998369 0.029503 -0.048868 -0.000000 -0.031890 0.998299 -0.048799 10.181600 0.047346 0.050278 0.997612 0.131500 0.000000 0.000000 0.000000 1.000000
0.998733 0.025639 -0.043313 -0.000000 -0.027635 0.998553 -0.046126 10.181600 0.042067 0.047265 0.997996 0.131500 0.000000 0.000000 0.000000 1.000000
0.999040 0.022225 -0.037756 0.000000 -0.023886 0.998741 -0.044118 10.181600 0.036728 0.044978 0.998313 0.131500 0.000000 0.000000 0.000000 1.000000
0.999290 0.019232 -0.032386 -0.000000 -0.020603 0.998883 -0.042533 10.181600 0.031532 0.043170 0.998570 0.131500 0.000000 0.000000 0.000000 1.000000
0.999487 0.016539 -0.027440 -0.000000 -0.017664 0.998992 -0.041271 10.181600 0.026730 0.041735 0.998771 0.131500 0.000000 0.000000 0.000000 1.000000
0.999636 0.013982 -0.023058 0.000000 -0.014903 0.999078 -0.040269 10.181600 0.022473 0.040598 0.998923 0.131500 0.000000 0.000000 0.000000 1.000000
0.999748 0.011444 -0.019337 0.000000 -0.012200 0.999147 -0.039444 10.181600 0.018869 0.039670 0.999035 0.131500 0.000000 0.000000 0.000000 1.000000
0.999826 0.009162 -0.016248 0.000000 -0.009788 0.999195 -0.038901 10.181600 0.015878 0.039054 0.999111 0.131500 0.000000 0.000000 0.000000 1.000000
0.999881 0.007438 -0.013504 0.000000 -0.007958 0.999214 -0.038843 10.181600 0.013204 0.038946 0.999154 0.131500 0.000000 0.000000 0.000000 1.000000
0.999921 0.006191 -0.010924 0.000000 -0.006615 0.999207 -0.039270 10.181600 0.010672 0.039339 0.999169 0.131500 0.000000 0.000000 0.000000 1.000000
0.999948 0.005250 -0.008691 -0.000000 -0.005593 0.999186 -0.039949 10.181600 0.008474 0.039996 0.999164 0.131500 0.000000 0.000000 0.000000 1.000000
0.999966 0.004619 -0.006872 0.000000 -0.004894 0.999163 -0.040606 10.181600 0.006679 0.040638 0.999152 0.131500 0.000000 0.000000 0.000000 1.000000
0.999978 0.004203 -0.005194 0.000000 -0.004412 0.999148 -0.041023 10.181600 0.005017 0.041045 0.999145 0.131500 0.000000 0.000000 0.000000 1.000000
0.999987 0.003739 -0.003524 0.000000 -0.003880 0.999147 -0.041121 10.181600 0.003367 0.041135 0.999148 0.131500 0.000000 0.000000 0.000000 1.000000
0.999993 0.003134 -0.002072 0.000000 -0.003216 0.999153 -0.041025 10.181600 0.001942 0.041031 0.999156 0.131500 0.000000 0.000000 0.000000 1.000000
0.999996 0.002482 -0.001053 -0.000000 -0.002523 0.999159 -0.040924 10.181600 0.000950 0.040927 0.999162 0.131500 0.000000 0.000000 0.000000 1.000000
0.999998 0.001852 -0.000477 0.000000 -0.001870 0.999162 -0.040885 10.181600 0.000401 0.040886 0.999164 0.131500 0.000000 0.000000 0.000000 1.000000
0.999999 0.001268 -0.000169 0.000000 -0.001274 0.999162 -0.040901 10.181600 0.000117 0.040901 0.999163 0.131500 0.000000 0.000000 0.000000 1.000000
1.000000 0.000793 0.000128 0.000000 -0.000787 0.999157 -0.041037 10.181600 -0.000160 0.041037 0.999158 0.131500 0.000000 0.000000 0.000000 1.000000
1.000000 0.000443 0.000562 0.000000 -0.000420 0.999142 -0.041415 10.181600 -0.000580 0.041415 0.999142 0.131500 0.000000 0.000000 0.000000 1.000000
0.999999 0.000090 0.001035 -0.000000 -0.000046 0.999113 -0.042113 10.181600 -0.001038 0.042113 0.999112 0.131500 0.000000 0.000000 0.000000 1.000000
0.999999 -0.000393 0.001286 0.000000 0.000448 0.999075 -0.042988 10.181600 -0.001268 0.042989 0.999075 0.131500 0.000000 0.000000 0.000000 1.000000
0.999999 -0.001050 0.001232 0.000000 0.001103 0.999042 -0.043738 10.181600 -0.001185 0.043739 0.999042 0.131500 0.000000 0.000000 0.000000 1.000000
0.999999 -0.001081 0.001227 0.000000 0.001133 0.999042 -0.043738 10.181600 -0.001179 0.043739 0.999042 0.131500 0.000000 0.000000 0.000000 1.000000
0.999999 -0.001109 0.001223 -0.000000 0.001162 0.999042 -0.043738 10.181600 -0.001174 0.043739 0.999042 0.131500 0.000000 0.000000 0.000000 1.000000
0.999999 -0.001133 0.001219 -0.000000 0.001185 0.999042 -0.043738 10.181600 -0.001169 0.043739 0.999042 0.131500 0.000000 0.000000 0.000000 1.000000
0.999999 -0.001148 0.001217 -0.000000 0.001200 0.999042 -0.043738 10.181600 -0.001166 0.043739 0.999042 0.131500 0.000000 0.000000 0.000000 1.000000
0.999999 -0.001154 0.001216 -0.000000 0.001206 0.999042 -0.043738 10.181600 -0.001165 0.043740 0.999042 0.131500 0.000000 0.000000 0.000000 1.000000</float_array><technique_common><accessor source="#mixamorig_Spine-Matrix-animation-output-transform-array" count="61" stride="16"><param type="float4x4"/></accessor></technique_common></source><source id="mixamorig_Spine-Interpolations"><Name_array id="mixamorig_Spine-Interpolations-array" count="61">
 LINEAR LINEAR LINEAR LINEAR LINEAR LINEAR LINEAR LINEAR LINEAR LINEAR LINEAR
LINEAR LINEAR LINEAR LINEAR LINEAR LINEAR LINEAR LINEAR LINEAR LINEAR LINEAR LINEAR
LINEAR LINEAR LINEAR LINEAR LINEAR LINEAR LINEAR LINEAR LINEAR LINEAR LINEAR LINEAR
LINEAR LINEAR LINEAR LINEAR LINEAR LINEAR LINEAR LINEAR LINEAR LINEAR LINEAR LINEAR
LINEAR LINEAR LINEAR LINEAR LINEAR LINEAR LINEAR LINEAR LINEAR LINEAR LINEAR LINEAR
LINEAR LINEAR</Name_array><technique_common><accessor source="#mixamorig_Spine-Interpolations-array" count="61"><param type="name"/></accessor></technique_common></source><sampler id="mixamorig_Spine-Matrix-animation-transform"><input semantic="INPUT" source="#mixamorig_Spine-Matrix-animation-input"/><input semantic="OUTPUT" source="#mixamorig_Spine-Matrix-animation-output-transform"/><input semantic="INTERPOLATION" source="#mixamorig_Spine-Interpolations"/></sampler><channel source="#mixamorig_Spine-Matrix-animation-transform" target="mixamorig_Spine/matrix"/></animation>
    <animation id="mixamorig_Spine1-anim" name="mixamorig_Spine1"><source id="mixamorig_Spine1-Matrix-animation-input"><float_array id="mixamorig_Spine1-Matrix-animation-input-array" count="61">

0.000000 0.033333 0.066667 0.100000 0.133333 0.166667 0.200000 0.233333 0.266667 0.300000 0.333333 0.366667 0.400000 0.433333 0.466667 0.500000
0.533333 0.566667 0.600000 0.633333 0.666667 0.700000 0.733333 0.766667 0.800000 0.833333 0.866667 0.900000 0.933333 0.966667 1.000000 1.033333
1.066667 1.100000 1.133333 1.166667 1.200000 1.233333 1.266667 1.300000 1.333333 1.366667 1.400000 1.433333 1.466667 1.500000 1.533333 1.566667
1.600000 1.633333 1.666667 1.700000 1.733333 1.766667 1.800000 1.833333 1.866667 1.900000 1.933333 1.966667 2.000000</float_array><technique_common><accessor source="#mixamorig_Spine1-Matrix-animation-input-array" count="61"><param name="TIME" type="float"/></accessor></technique_common></source><source id="mixamorig_Spine1-Matrix-animation-output-transform"><float_array id="mixamorig_Spine1-Matrix-animation-output-transform-array" count="976">

0.999873 0.012116 -0.010307 -0.000000 -0.013008 0.995728 -0.091409 10.083500 0.009156 0.091531 0.995760 -1.000800 0.000000 0.000000 0.000000 1.000000
0.999889 0.011553 -0.009362 -0.000000 -0.012355 0.995799 -0.090731 10.083500 0.008275 0.090837 0.995831 -1.000800 0.000000 0.000000 0.000000 1.000000
0.999892 0.011270 -0.009418 -0.000000 -0.012069 0.995909 -0.089549 10.083500 0.008370 0.089653 0.995938 -1.000800 0.000000 0.000000 0.000000 1.000000
0.999860 0.011787 -0.011894 0.000000 -0.012797 0.995975 -0.088709 10.083500 0.010800 0.088849 0.995987 -1.000800 0.000000 0.000000 0.000000 1.000000
0.999763 0.013241 -0.017303 -0.000000 -0.014732 0.995915 -0.089088 10.083500 0.016053 0.089322 0.995873 -1.000800 0.000000 0.000000 0.000000 1.000000
0.999567 0.015303 -0.025113 0.000000 -0.017531 0.995693 -0.091037 10.083500 0.023612 0.091438 0.995531 -1.000800 0.000000 0.000000 0.000000 1.000000
0.999254 0.017593 -0.034369 0.000000 -0.020768 0.995324 -0.094335 10.083500 0.032549 0.094979 0.994947 -1.000800 0.000000 0.000000 0.000000 1.000000
0.998813 0.019900 -0.044459 0.000000 -0.024206 0.994839 -0.098535 10.083500 0.042269 0.099495 0.994140 -1.000800 0.000000 0.000000 0.000000 1.000000
0.998213 0.022042 -0.055548 0.000000 -0.027708 0.994254 -0.103399 10.083500 0.052950 0.104753 0.993088 -1.000800 0.000000 0.000000 0.000000 1.000000
0.997391 0.023983 -0.068092 -0.000000 -0.031327 0.993557 -0.108922 10.083500 0.065041 0.110771 0.991715 -1.000800 0.000000 0.000000 0.000000 1.000000
0.996300 0.025975 -0.081921 -0.000000 -0.035335 0.992741 -0.114964 10.083500 0.078340 0.117434 0.989986 -1.000800 0.000000 0.000000 0.000000 1.000000
0.994988 0.028058 -0.095978 0.000000 -0.039627 0.991880 -0.120843 10.083500 0.091808 0.124041 0.988021 -1.000800 0.000000 0.000000 0.000000 1.000000
0.993611 0.029760 -0.108868 -0.000000 -0.043417 0.991166 -0.125316 10.083500 0.104177 0.129242 0.986126 -1.000800 0.000000 0.000000 0.000000 1.000000
0.992305 0.030860 -0.119910 0.000000 -0.046228 0.990750 -0.127580 10.083500 0.114864 0.132142 0.984553 -1.000800 0.000000 0.000000 0.000000 1.000000
0.991013 0.032136 -0.129849 0.000000 -0.048962 0.990495 -0.128539 10.083500 0.124484 0.133742 0.983167 -1.000800 0.000000 0.000000 0.000000 1.000000
0.989566 0.034688 -0.139843 -0.000000 -0.053096 0.990074 -0.130128 10.083500 0.133941 0.136196 0.981586 -1.000800 0.000000 0.000000 0.000000 1.000000
0.988029 0.038467 -0.149395 -0.000000 -0.058631 0.989379 -0.133007 10.083500 0.142692 0.140174 0.979791 -1.000800 0.000000 0.000000 0.000000 1.000000
0.986806 0.042022 -0.156357 -0.000000 -0.063635 0.988676 -0.135905 10.083500 0.148876 0.144062 0.978306 -1.000800 0.000000 0.000000 0.000000 1.000000
0.986138 0.044061 -0.159968 0.000000 -0.066458 0.988272 -0.137485 10.083500 0.152034 0.146210 0.977501 -1.000800 0.000000 0.000000 0.000000 1.000000
0.985706 0.044916 -0.162375 -0.000000 -0.067712 0.988157 -0.137701 10.083500 0.154267 0.146728 0.977074 -1.000800 0.000000 0.000000 0.000000 1.000000
0.985121 0.046063 -0.165573 -0.000000 -0.069259 0.988122 -0.137177 10.083500 0.157288 0.146604 0.976610 -1.000800 0.000000 0.000000 0.000000 1.000000
0.984499 0.048463 -0.168564 -0.000000 -0.071941 0.988081 -0.136090 10.083500 0.159959 0.146107 0.976251 -1.000800 0.000000 0.000000 0.000000 1.000000
0.984178 0.051630 -0.169494 -0.000000 -0.074915 0.988146 -0.133994 10.083500 0.160567 0.144572 0.976380 -1.000800 0.000000 0.000000 0.000000 1.000000
0.984210 0.054233 -0.168491 0.000000 -0.076846 0.988436 -0.130727 10.083500 0.159453 0.141611 0.976996 -1.000800 0.000000 0.000000 0.000000 1.000000
0.984512 0.056210 -0.166064 0.000000 -0.077964 0.988765 -0.127533 10.083500 0.157030 0.138505 0.977833 -1.000800 0.000000 0.000000 0.000000 1.000000
0.985108 0.059323 -0.161377 0.000000 -0.080287 0.988692 -0.126657 10.083500 0.152038 0.137728 0.978732 -1.000800 0.000000 0.000000 0.000000 1.000000
0.985872 0.064380 -0.154633 0.000000 -0.084693 0.988074 -0.128596 10.083500 0.144510 0.139875 0.979567 -1.000800 0.000000 0.000000 0.000000 1.000000
0.986461 0.069477 -0.148549 0.000000 -0.089128 0.987499 -0.130009 10.083500 0.137659 0.141489 0.980322 -1.000800 0.000000 0.000000 0.000000 1.000000
0.986808 0.072988 -0.144505 0.000000 -0.091702 0.987604 -0.127390 10.083500 0.133416 0.138961 0.981270 -1.000800 0.000000 0.000000 0.000000 1.000000
0.987292 0.075117 -0.140044 0.000000 -0.092407 0.988299 -0.121349 10.083500 0.129290 0.132748 0.982681 -1.000800 0.000000 0.000000 0.000000 1.000000
0.988300 0.075892 -0.132298 0.000000 -0.091299 0.989210 -0.114576 10.083500 0.122175 0.125314 0.984566 -1.000800 0.000000 0.000000 0.000000 1.000000
0.989812 0.074239 -0.121496 -0.000000 -0.087542 0.990278 -0.108097 10.083500 0.112290 0.117632 0.986688 -1.000800 0.000000 0.000000 0.000000 1.000000
0.991529 0.069471 -0.109746 0.000000 -0.080714 0.991549 -0.101565 10.083500 0.101763 0.109563 0.988757 -1.000800 0.000000 0.000000 0.000000 1.000000
0.993191 0.062605 -0.098248 0.000000 -0.072020 0.992830 -0.095407 10.083500 0.091571 0.101833 0.990578 -1.000800 0.000000 0.000000 0.000000 1.000000
0.994675 0.055364 -0.086925 0.000000 -0.063230 0.993886 -0.090510 10.083500 0.081383 0.095524 0.992095 -1.000800 0.000000 0.000000 0.000000 1.000000
0.995948 0.048622 -0.075650 0.000000 -0.055160 0.994690 -0.086884 10.083500 0.071023 0.090705 0.993342 -1.000800 0.000000 0.000000 0.000000 1.000000
0.996996 0.042437 -0.064790 0.000000 -0.047827 0.995314 -0.084039 10.083500 0.060920 0.086886 0.994354 -1.000800 0.000000 0.000000 0.000000 1.000000
0.997822 0.036702 -0.054809 0.000000 -0.041120 0.995802 -0.081778 10.083500 0.051578 0.083854 0.995142 -1.000800 0.000000 0.000000 0.000000 1.000000
0.998455 0.031230 -0.045970 0.000000 -0.034841 0.996188 -0.079975 10.083500 0.043297 0.081453 0.995736 -1.000800 0.000000 0.000000 0.000000 1.000000
0.998924 0.025933 -0.038456 -0.000000 -0.028892 0.996497 -0.078477 10.083500 0.036286 0.079503 0.996174 -1.000800 0.000000 0.000000 0.000000 1.000000
0.999257 0.021146 -0.032224 0.000000 -0.023592 0.996713 -0.077498 10.083500 0.030479 0.078201 0.996472 -1.000800 0.000000 0.000000 0.000000 1.000000
0.999495 0.017171 -0.026734 0.000000 -0.019197 0.996811 -0.077462 10.083500 0.025318 0.077936 0.996637 -1.000800 0.000000 0.000000 0.000000 1.000000
0.999670 0.013883 -0.021611 -0.000000 -0.015538 0.996803 -0.078374 10.083500 0.020454 0.078684 0.996690 -1.000800 0.000000 0.000000 0.000000 1.000000
0.999789 0.011202 -0.017191 0.000000 -0.012540 0.996734 -0.079772 10.083500 0.016241 0.079971 0.996665 -1.000800 0.000000 0.000000 0.000000 1.000000
0.999866 0.009159 -0.013601 0.000000 -0.010233 0.996653 -0.081109 10.083500 0.012812 0.081237 0.996612 -1.000800 0.000000 0.000000 0.000000 1.000000
0.999919 0.007530 -0.010296 0.000000 -0.008348 0.996601 -0.081959 10.083500 0.009643 0.082039 0.996582 -1.000800 0.000000 0.000000 0.000000 1.000000
0.999957 0.006016 -0.006988 0.000000 -0.006570 0.996597 -0.082166 10.083500 0.006470 0.082209 0.996594 -1.000800 0.000000 0.000000 0.000000 1.000000
0.999981 0.004609 -0.004081 -0.000000 -0.004928 0.996622 -0.081979 10.083500 0.003689 0.081998 0.996626 -1.000800 0.000000 0.000000 0.000000 1.000000
0.999992 0.003384 -0.002016 0.000000 -0.003538 0.996644 -0.081780 10.083500 0.001732 0.081787 0.996648 -1.000800 0.000000 0.000000 0.000000 1.000000
0.999997 0.002214 -0.000835 0.000000 -0.002275 0.996654 -0.081701 10.083500 0.000651 0.081703 0.996657 -1.000800 0.000000 0.000000 0.000000 1.000000
0.999999 0.001012 -0.000199 0.000000 -0.001025 0.996654 -0.081734 10.083500 0.000115 0.081734 0.996654 -1.000800 0.000000 0.000000 0.000000 1.000000
1.000000 -0.000008 0.000413 0.000000 0.000042 0.996632 -0.082005 10.083500 -0.000411 0.082005 0.996632 -1.000800 0.000000 0.000000 0.000000 1.000000
0.999999 -0.000677 0.001309 0.000000 0.000783 0.996569 -0.082758 10.083500 -0.001249 0.082759 0.996569 -1.000800 0.000000 0.000000 0.000000 1.000000
0.999997 -0.001201 0.002295 -0.000000 0.001390 0.996452 -0.084149 10.083500 -0.002185 0.084152 0.996451 -1.000800 0.000000 0.000000 0.000000 1.000000
0.999994 -0.002001 0.002838 -0.000000 0.002238 0.996302 -0.085894 10.083500 -0.002656 0.085900 0.996300 -1.000800 0.000000 0.000000 0.000000 1.000000
0.999991 -0.003206 0.002774 0.000000 0.003436 0.996168 -0.087388 10.083500 -0.002483 0.087397 0.996170 -1.000800 0.000000 0.000000 0.000000 1.000000
0.999991 -0.003207 0.002774 0.000000 0.003437 0.996168 -0.087388 10.083500 -0.002483 0.087397 0.996170 -1.000800 0.000000 0.000000 0.000000 1.000000
0.999991 -0.003207 0.002774 0.000000 0.003437 0.996168 -0.087389 10.083500 -0.002483 0.087398 0.996170 -1.000800 0.000000 0.000000 0.000000 1.000000
0.999991 -0.003207 0.002774 0.000000 0.003438 0.996168 -0.087388 10.083500 -0.002483 0.087397 0.996170 -1.000800 0.000000 0.000000 0.000000 1.000000
0.999991 -0.003207 0.002774 0.000000 0.003438 0.996168 -0.087388 10.083500 -0.002483 0.087397 0.996170 -1.000800 0.000000 0.000000 0.000000 1.000000
0.999991 -0.003207 0.002774 -0.000000 0.003438 0.996168 -0.087389 10.083500 -0.002483 0.087398 0.996170 -1.000800 0.000000 0.000000 0.000000 1.000000</float_array><technique_common><accessor source="#mixamorig_Spine1-Matrix-animation-output-transform-array" count="61" stride="16"><param type="float4x4"/></accessor></technique_common></source><source id="mixamorig_Spine1-Interpolations"><Name_array id="mixamorig_Spine1-Interpolations-array" count="61">
 LINEAR LINEAR LINEAR LINEAR LINEAR LINEAR LINEAR LINEAR LINEAR LINEAR LINEAR
LINEAR LINEAR LINEAR LINEAR LINEAR LINEAR LINEAR LINEAR LINEAR LINEAR LINEAR LINEAR
LINEAR LINEAR LINEAR LINEAR LINEAR LINEAR LINEAR LINEAR LINEAR LINEAR LINEAR LINEAR
LINEAR LINEAR LINEAR LINEAR LINEAR LINEAR LINEAR LINEAR LINEAR LINEAR LINEAR LINEAR
LINEAR LINEAR LINEAR LINEAR LINEAR LINEAR LINEAR LINEAR LINEAR LINEAR LINEAR LINEAR
LINEAR LINEAR</Name_array><technique_common><accessor source="#mixamorig_Spine1-Interpolations-array" count="61"><param type="name"/></accessor></technique_common></source><sampler id="mixamorig_Spine1-Matrix-animation-transform"><input semantic="INPUT" source="#mixamorig_Spine1-Matrix-animation-input"/><input semantic="OUTPUT" source="#mixamorig_Spine1-Matrix-animation-output-transform"/><input semantic="INTERPOLATION" source="#mixamorig_Spine1-Interpolations"/></sampler><channel source="#mixamorig_Spine1-Matrix-animation-transform" target="mixamorig_Spine1/matrix"/></animation>
    <animation id="mixamorig_Spine2-anim" name="mixamorig_Spine2"><source id="mixamorig_Spine2-Matrix-animation-input"><float_array id="mixamorig_Spine2-Matrix-animation-input-array" count="61">

0.000000 0.033333 0.066667 0.100000 0.133333 0.166667 0.200000 0.233333 0.266667 0.300000 0.333333 0.366667 0.400000 0.433333 0.466667 0.500000
0.533333 0.566667 0.600000 0.633333 0.666667 0.700000 0.733333 0.766667 0.800000 0.833333 0.866667 0.900000 0.933333 0.966667 1.000000 1.033333
1.066667 1.100000 1.133333 1.166667 1.200000 1.233333 1.266667 1.300000 1.333333 1.366667 1.400000 1.433333 1.466667 1.500000 1.533333 1.566667
1.600000 1.633333 1.666667 1.700000 1.733333 1.766667 1.800000 1.833333 1.866667 1.900000 1.933333 1.966667 2.000000</float_array><technique_common><accessor source="#mixamorig_Spine2-Matrix-animation-input-array" count="61"><param name="TIME" type="float"/></accessor></technique_common></source><source id="mixamorig_Spine2-Matrix-animation-output-transform"><float_array id="mixamorig_Spine2-Matrix-animation-output-transform-array" count="976">

0.999873 0.012116 -0.010307 0.000000 -0.013008 0.995729 -0.091409 9.100000 0.009156 0.091531 0.995760 -1.373400 0.000000 0.000000 0.000000 1.000000
0.999889 0.011553 -0.009363 0.000000 -0.012355 0.995799 -0.090731 9.100000 0.008275 0.090837 0.995831 -1.373400 0.000000 0.000000 0.000000 1.000000
0.999892 0.011270 -0.009418 0.000000 -0.012069 0.995909 -0.089549 9.100000 0.008370 0.089653 0.995938 -1.373400 0.000000 0.000000 0.000000 1.000000
0.999860 0.011787 -0.011894 -0.000000 -0.012797 0.995975 -0.088709 9.100000 0.010800 0.088849 0.995987 -1.373400 0.000000 0.000000 0.000000 1.000000
0.999763 0.013241 -0.017303 -0.000000 -0.014732 0.995915 -0.089088 9.100000 0.016053 0.089322 0.995873 -1.373400 0.000000 0.000000 0.000000 1.000000
0.999567 0.015303 -0.025113 0.000000 -0.017531 0.995693 -0.091037 9.100000 0.023612 0.091438 0.995531 -1.373400 0.000000 0.000000 0.000000 1.000000
0.999254 0.017593 -0.034369 0.000000 -0.020768 0.995324 -0.094335 9.100000 0.032549 0.094979 0.994947 -1.373400 0.000000 0.000000 0.000000 1.000000
0.998813 0.019900 -0.044459 -0.000000 -0.024206 0.994839 -0.098535 9.100000 0.042269 0.099495 0.994140 -1.373400 0.000000 0.000000 0.000000 1.000000
0.998213 0.022042 -0.055548 0.000000 -0.027708 0.994254 -0.103399 9.100000 0.052950 0.104753 0.993088 -1.373400 0.000000 0.000000 0.000000 1.000000
0.997391 0.023983 -0.068092 -0.000000 -0.031327 0.993557 -0.108922 9.100000 0.065041 0.110771 0.991715 -1.373400 0.000000 0.000000 0.000000 1.000000
0.996300 0.025975 -0.081921 -0.000000 -0.035335 0.992741 -0.114964 9.100000 0.078340 0.117434 0.989986 -1.373400 0.000000 0.000000 0.000000 1.000000
0.994988 0.028058 -0.095978 -0.000000 -0.039627 0.991880 -0.120843 9.100000 0.091808 0.124041 0.988021 -1.373400 0.000000 0.000000 0.000000 1.000000
0.993611 0.029760 -0.108867 0.000000 -0.043417 0.991166 -0.125316 9.100000 0.104176 0.129242 0.986126 -1.373400 0.000000 0.000000 0.000000 1.000000
0.992305 0.030860 -0.119911 0.000000 -0.046228 0.990750 -0.127580 9.100000 0.114864 0.132142 0.984553 -1.373400 0.000000 0.000000 0.000000 1.000000
0.991013 0.032136 -0.129849 0.000000 -0.048962 0.990495 -0.128539 9.100000 0.124484 0.133742 0.983167 -1.373400 0.000000 0.000000 0.000000 1.000000
0.989566 0.034688 -0.139843 0.000000 -0.053096 0.990074 -0.130128 9.100000 0.133941 0.136196 0.981586 -1.373400 0.000000 0.000000 0.000000 1.000000
0.988029 0.038467 -0.149395 0.000000 -0.058631 0.989379 -0.133007 9.100000 0.142692 0.140174 0.979791 -1.373400 0.000000 0.000000 0.000000 1.000000
0.986806 0.042022 -0.156357 0.000000 -0.063635 0.988676 -0.135905 9.100000 0.148875 0.144062 0.978306 -1.373400 0.000000 0.000000 0.000000 1.000000
0.986138 0.044061 -0.159969 0.000000 -0.066458 0.988272 -0.137485 9.100000 0.152035 0.146210 0.977501 -1.373400 0.000000 0.000000 0.000000 1.000000
0.985706 0.044916 -0.162376 0.000000 -0.067712 0.988157 -0.137701 9.100000 0.154267 0.146728 0.977073 -1.373400 0.000000 0.000000 0.000000 1.000000
0.985121 0.046063 -0.165573 0.000000 -0.069259 0.988122 -0.137178 9.100000 0.157288 0.146604 0.976610 -1.373400 0.000000 0.000000 0.000000 1.000000
0.984499 0.048463 -0.168564 0.000000 -0.071941 0.988081 -0.136090 9.100000 0.159959 0.146108 0.976251 -1.373400 0.000000 0.000000 0.000000 1.000000
0.984178 0.051630 -0.169494 0.000000 -0.074915 0.988146 -0.133994 9.100000 0.160567 0.144572 0.976380 -1.373400 0.000000 0.000000 0.000000 1.000000
0.984210 0.054233 -0.168492 0.000000 -0.076846 0.988436 -0.130727 9.100000 0.159454 0.141611 0.976996 -1.373400 0.000000 0.000000 0.000000 1.000000
0.984512 0.056210 -0.166064 0.000000 -0.077964 0.988765 -0.127533 9.100000 0.157030 0.138505 0.977833 -1.373400 0.000000 0.000000 0.000000 1.000000
0.985108 0.059323 -0.161376 -0.000000 -0.080287 0.988692 -0.126657 9.100000 0.152038 0.137728 0.978732 -1.373400 0.000000 0.000000 0.000000 1.000000
0.985872 0.064380 -0.154633 0.000000 -0.084693 0.988074 -0.128596 9.100000 0.144510 0.139875 0.979567 -1.373400 0.000000 0.000000 0.000000 1.000000
0.986461 0.069477 -0.148549 0.000000 -0.089128 0.987499 -0.130009 9.100000 0.137659 0.141489 0.980322 -1.373400 0.000000 0.000000 0.000000 1.000000
