<?xml version="1.0" encoding="utf-8"?>
<COLLADA xmlns="http://www.collada.org/2005/11/COLLADASchema" version="1.4.1">
  <asset><contributor><author>Mixamo</author><authoring_tool>COLLADA Mixamo exporter</authoring_tool><comments></comments></contributor><created>2019-03-19T12:33:15Z</created><modified>2019-03-19T12:33:15Z</modified><revision></revision><title></title><unit meter="0.010000"/><up_axis>Y_UP</up_axis></asset>
  <library_animations>
    <animation id="mixamorig_Hips-anim" name="mixamorig_Hips"><source id="mixamorig_Hips-Matrix-animation-input"><float_array id="mixamorig_Hips-Matrix-animation-input-array" count="22">

0.000000 0.033333 0.066667 0.100000 0.133333 0.166667 0.200000 0.233333 0.266667 0.300000 0.333333 0.366667 0.400000 0.433333 0.466667 0.500000
0.533333 0.566667 0.600000 0.633333 0.666667 0.700000</float_array><technique_common><accessor source="#mixamorig_Hips-Matrix-animation-input-array" count="22"><param name="TIME" type="float"/></accessor></technique_common></source><source id="mixamorig_Hips-Matrix-animation-output-transform"><float_array id="mixamorig_Hips-Matrix-animation-output-transform-array" count="352">

0.726287 0.065886 -0.684226 -0.502227 -0.017387 0.996838 0.077533 94.237312 0.687171 -0.044415 0.725136 0.707140 0.000000 0.000000 0.000000 1.000000
0.726415 0.065012 -0.684175 -0.497856 -0.016676 0.996890 0.077021 94.225548 0.687054 -0.044540 0.725240 0.721255 0.000000 0.000000 0.000000 1.000000
0.726760 0.062656 -0.684028 -0.495449 -0.014836 0.997031 0.075564 94.222374 0.686732 -0.044768 0.725531 0.732676 0.000000 0.000000 0.000000 1.000000
0.727275 0.059122 -0.683795 -0.495946 -0.012067 0.997230 0.073388 94.225212 0.686240 -0.045122 0.725974 0.739714 0.000000 0.000000 0.000000 1.000000
0.727910 0.054718 -0.683485 -0.499346 -0.008576 0.997459 0.070721 94.231522 0.685619 -0.045617 0.726530 0.741004 0.000000 0.000000 0.000000 1.000000
0.728618 0.049756 -0.683110 -0.504631 -0.004575 0.997689 0.067789 94.238762 0.684904 -0.046268 0.727162 0.735587 0.000000 0.000000 0.000000 1.000000
0.729352 0.044559 -0.682686 -0.510261 -0.000293 0.997897 0.064820 94.244675 0.684139 -0.047077 0.727831 0.723147 0.000000 0.000000 0.000000 1.000000
0.730054 0.039523 -0.682246 -0.515105 0.003944 0.998066 0.062038 94.248734 0.683378 -0.047982 0.728486 0.705779 0.000000 0.000000 0.000000 1.000000
0.730670 0.035059 -0.681830 -0.518856 0.007783 0.998188 0.059666 94.250252 0.682686 -0.048903 0.729073 0.686281 0.000000 0.000000 0.000000 1.000000
0.731153 0.031580 -0.681482 -0.521897 0.010875 0.998262 0.057927 94.248169 0.682127 -0.049765 0.729538 0.666853 0.000000 0.000000 0.000000 1.000000
0.731456 0.029492 -0.681250 -0.525090 0.012876 0.998289 0.057041 94.241089 0.681767 -0.050495 0.729825 0.649275 0.000000 0.000000 0.000000 1.000000
0.731561 0.029003 -0.681159 -0.529200 0.013605 0.998275 0.057118 94.228050 0.681641 -0.051052 0.729904 0.634643 0.000000 0.000000 0.000000 1.000000
0.731496 0.029866 -0.681191 -0.534184 0.013241 0.998230 0.057984 94.210770 0.681717 -0.051434 0.729806 0.623224 0.000000 0.000000 0.000000 1.000000
0.731285 0.031862 -0.681328 -0.539344 0.011934 0.998158 0.059487 94.191032 0.681968 -0.051633 0.729557 0.615418 0.000000 0.000000 0.000000 1.000000
0.730942 0.034800 -0.681552 -0.543439 0.009814 0.998060 0.061487 94.170746 0.682369 -0.051632 0.729182 0.611766 0.000000 0.000000 0.000000 1.000000
0.730484 0.038484 -0.681844 -0.545173 0.007017 0.997935 0.063843 94.151840 0.682894 -0.051421 0.728706 0.612709 0.000000 0.000000 0.000000 1.000000
0.729927 0.042720 -0.682189 -0.543699 0.003674 0.997785 0.066414 94.136276 0.683516 -0.050983 0.728153 0.618496 0.000000 0.000000 0.000000 1.000000
0.729288 0.047313 -0.682569 -0.539028 -0.000085 0.997613 0.069059 94.126358 0.684207 -0.050305 0.727551 0.629106 0.000000 0.000000 0.000000 1.000000
0.728556 0.052226 -0.682993 -0.530748 -0.004343 0.997421 0.071636 94.131332 0.684973 -0.049224 0.726904 0.643849 0.000000 0.000000 0.000000 1.000000
0.727757 0.057248 -0.683442 -0.520316 -0.008948 0.997218 0.074004 94.155174 0.685777 -0.047741 0.726244 0.661849 0.000000 0.000000 0.000000 1.000000
0.726967 0.061963 -0.683871 -0.510318 -0.013469 0.997016 0.076018 94.193375 0.686540 -0.046051 0.725632 0.683139 0.000000 0.000000 0.000000 1.000000
0.726287 0.065886 -0.684226 -0.502227 -0.017387 0.996838 0.077533 94.237312 0.687171 -0.044415 0.725136 0.707140 0.000000 0.000000 0.000000 1.000000</float_array><technique_common><accessor source="#mixamorig_Hips-Matrix-animation-output-transform-array" count="22" stride="16"><param type="float4x4"/></accessor></technique_common></source><source id="mixamorig_Hips-Interpolations"><Name_array id="mixamorig_Hips-Interpolations-array" count="22">
 LINEAR LINEAR LINEAR LINEAR LINEAR LINEAR LINEAR LINEAR LINEAR LINEAR LINEAR
LINEAR LINEAR LINEAR LINEAR LINEAR LINEAR LINEAR LINEAR LINEAR LINEAR LINEAR</Name_array><technique_common><accessor source="#mixamorig_Hips-Interpolations-array" count="22"><param type="name"/></accessor></technique_common></source><sampler id="mixamorig_Hips-Matrix-animation-transform"><input semantic="INPUT" source="#mixamorig_Hips-Matrix-animation-input"/><input semantic="OUTPUT" source="#mixamorig_Hips-Matrix-animation-output-transform"/><input semantic="INTERPOLATION" source="#mixamorig_Hips-Interpolations"/></sampler><channel source="#mixamorig_Hips-Matrix-animation-transform" target="mixamorig_Hips/matrix"/></animation>
    <animation id="mixamorig_Spine-anim" name="mixamorig_Spine"><source id="mixamorig_Spine-Matrix-animation-input"><float_array id="mixamorig_Spine-Matrix-animation-input-array" count="22">

0.000000 0.033333 0.066667 0.100000 0.133333 0.166667 0.200000 0.233333 0.266667 0.300000 0.333333 0.366667 0.400000 0.433333 0.466667 0.500000
0.533333 0.566667 0.600000 0.633333 0.666667 0.700000</float_array><technique_common><accessor source="#mixamorig_Spine-Matrix-animation-input-array" count="22"><param name="TIME" type="float"/></accessor></technique_common></source><source id="mixamorig_Spine-Matrix-animation-output-transform"><float_array id="mixamorig_Spine-Matrix-animation-output-transform-array" count="352">

0.999171 0.040689 0.001039 -0.000000 -0.039077 0.966101 -0.255189 10.181600 -0.011387 0.254937 0.966891 0.131500 0.000000 0.000000 0.000000 1.000000
0.999148 0.041239 0.001326 0.000000 -0.039534 0.966058 -0.255281 10.181600 -0.011809 0.255012 0.966866 0.131500 0.000000 0.000000 0.000000 1.000000
0.999106 0.042245 0.001277 0.000000 -0.040518 0.965977 -0.255433 10.181600 -0.012024 0.255153 0.966826 0.131500 0.000000 0.000000 0.000000 1.000000
0.999047 0.043637 0.000878 -0.000000 -0.041963 0.965865 -0.255625 10.181600 -0.012002 0.255344 0.966776 0.131500 0.000000 0.000000 0.000000 1.000000
0.998972 0.045333 0.000117 -0.000000 -0.043795 0.965729 -0.255831 10.181600 -0.011711 0.255563 0.966721 0.131500 0.000000 0.000000 0.000000 1.000000
0.998883 0.047250 -0.001013 0.000000 -0.045934 0.965577 -0.256028 10.181600 -0.011119 0.255788 0.966669 0.131500 0.000000 0.000000 0.000000 1.000000
0.998781 0.049291 -0.002509 0.000000 -0.048288 0.965420 -0.256188 10.181600 -0.010205 0.255997 0.966624 0.131500 0.000000 0.000000 0.000000 1.000000
0.998674 0.051313 -0.004230 0.000000 -0.050682 0.965267 -0.256301 10.181600 -0.009068 0.256176 0.966588 0.131500 0.000000 0.000000 0.000000 1.000000
0.998568 0.053160 -0.005992 0.000000 -0.052919 0.965131 -0.256363 10.181600 -0.007845 0.256313 0.966562 0.131500 0.000000 0.000000 0.000000 1.000000
0.998475 0.054678 -0.007624 0.000000 -0.054803 0.965023 -0.256373 10.181600 -0.006661 0.256399 0.966548 0.131500 0.000000 0.000000 0.000000 1.000000
0.998407 0.055715 -0.008950 0.000000 -0.056147 0.964957 -0.256332 10.181600 -0.005645 0.256426 0.966547 0.131500 0.000000 0.000000 0.000000 1.000000
0.998371 0.056201 -0.009862 0.000000 -0.056850 0.964938 -0.256249 10.181600 -0.004886 0.256392 0.966561 0.131500 0.000000 0.000000 0.000000 1.000000
0.998365 0.056203 -0.010379 0.000000 -0.056985 0.964959 -0.256139 10.181600 -0.004381 0.256312 0.966584 0.131500 0.000000 0.000000 0.000000 1.000000
0.998388 0.055773 -0.010514 0.000000 -0.056604 0.965014 -0.256015 10.181600 -0.004133 0.256197 0.966616 0.131500 0.000000 0.000000 0.000000 1.000000
0.998436 0.054950 -0.010270 0.000000 -0.055747 0.965098 -0.255886 10.181600 -0.004149 0.256059 0.966652 0.131500 0.000000 0.000000 0.000000 1.000000
0.998506 0.053777 -0.009653 0.000000 -0.054456 0.965205 -0.255761 10.181600 -0.004437 0.255904 0.966692 0.131500 0.000000 0.000000 0.000000 1.000000
0.998594 0.052295 -0.008668 0.000000 -0.052773 0.965329 -0.255645 10.181600 -0.005001 0.255743 0.966732 0.131500 0.000000 0.000000 0.000000 1.000000
0.998695 0.050546 -0.007320 0.000000 -0.050737 0.965465 -0.255543 10.181600 -0.005850 0.255581 0.966770 0.131500 0.000000 0.000000 0.000000 1.000000
0.998814 0.048372 -0.005512 -0.000000 -0.048175 0.965622 -0.255446 10.181600 -0.007034 0.255408 0.966808 0.131500 0.000000 0.000000 0.000000 1.000000
0.998945 0.045808 -0.003338 0.000000 -0.045141 0.965795 -0.255347 10.181600 -0.008474 0.255228 0.966844 0.131500 0.000000 0.000000 0.000000 1.000000
0.999069 0.043126 -0.001057 0.000000 -0.041967 0.965962 -0.255256 10.181600 -0.009987 0.255063 0.966873 0.131500 0.000000 0.000000 0.000000 1.000000
0.999171 0.040689 0.001039 -0.000000 -0.039077 0.966101 -0.255189 10.181600 -0.011387 0.254937 0.966891 0.131500 0.000000 0.000000 0.000000 1.000000</float_array><technique_common><accessor source="#mixamorig_Spine-Matrix-animation-output-transform-array" count="22" stride="16"><param type="float4x4"/></accessor></technique_common></source><source id="mixamorig_Spine-Interpolations"><Name_array id="mixamorig_Spine-Interpolations-array" count="22">
 LINEAR LINEAR LINEAR LINEAR LINEAR LINEAR LINEAR LINEAR LINEAR LINEAR LINEAR
LINEAR LINEAR LINEAR LINEAR LINEAR LINEAR LINEAR LINEAR LINEAR LINEAR LINEAR</Name_array><technique_common><accessor source="#mixamorig_Spine-Interpolations-array" count="22"><param type="name"/></accessor></technique_common></source><sampler id="mixamorig_Spine-Matrix-animation-transform"><input semantic="INPUT" source="#mixamorig_Spine-Matrix-animation-input"/><input semantic="OUTPUT" source="#mixamorig_Spine-Matrix-animation-output-transform"/><input semantic="INTERPOLATION" source="#mixamorig_Spine-Interpolations"/></sampler><channel source="#mixamorig_Spine-Matrix-animation-transform" target="mixamorig_Spine/matrix"/></animation>
    <animation id="mixamorig_Spine1-anim" name="mixamorig_Spine1"><source id="mixamorig_Spine1-Matrix-animation-input"><float_array id="mixamorig_Spine1-Matrix-animation-input-array" count="22">

0.000000 0.033333 0.066667 0.100000 0.133333 0.166667 0.200000 0.233333 0.266667 0.300000 0.333333 0.366667 0.400000 0.433333 0.466667 0.500000
0.533333 0.566667 0.600000 0.633333 0.666667 0.700000</float_array><technique_common><accessor source="#mixamorig_Spine1-Matrix-animation-input-array" count="22"><param name="TIME" type="float"/></accessor></technique_common></source><source id="mixamorig_Spine1-Matrix-animation-output-transform"><float_array id="mixamorig_Spine1-Matrix-animation-output-transform-array" count="352">

0.992710 0.116719 -0.030048 0.000000 -0.116320 0.862549 -0.492422 10.083500 -0.031557 0.492328 0.869838 -1.000800 0.000000 0.000000 0.000000 1.000000
0.992629 0.117547 -0.029499 -0.000000 -0.116763 0.862379 -0.492614 10.083500 -0.032466 0.492428 0.869748 -1.000800 0.000000 0.000000 0.000000 1.000000
0.992459 0.118944 -0.029629 0.000000 -0.118030 0.862057 -0.492875 10.083500 -0.033083 0.492656 0.869595 -1.000800 0.000000 0.000000 0.000000 1.000000
0.992223 0.120702 -0.030396 0.000000 -0.119923 0.861628 -0.493170 10.083500 -0.033336 0.492980 0.869402 -1.000800 0.000000 0.000000 0.000000 1.000000
0.991946 0.122617 -0.031759 0.000000 -0.122247 0.861136 -0.493458 10.083500 -0.033157 0.493366 0.869190 -1.000800 0.000000 0.000000 0.000000 1.000000
0.991650 0.124485 -0.033677 0.000000 -0.124804 0.860632 -0.493697 10.083500 -0.032475 0.493778 0.868982 -1.000800 0.000000 0.000000 0.000000 1.000000
0.991359 0.126112 -0.036087 0.000000 -0.127399 0.860165 -0.493847 10.083500 -0.031239 0.494178 0.868800 -1.000800 0.000000 0.000000 0.000000 1.000000
0.991093 0.127405 -0.038758 -0.000000 -0.129838 0.859769 -0.493902 10.083500 -0.029603 0.494535 0.868653 -1.000800 0.000000 0.000000 0.000000 1.000000
0.990871 0.128302 -0.041401 0.000000 -0.131922 0.859468 -0.493874 10.083500 -0.027782 0.494827 0.868547 -1.000800 0.000000 0.000000 0.000000 1.000000
0.990714 0.128730 -0.043745 0.000000 -0.133455 0.859289 -0.493774 10.083500 -0.025974 0.495027 0.868489 -1.000800 0.000000 0.000000 0.000000 1.000000
0.990649 0.128616 -0.045522 0.000000 -0.134239 0.859254 -0.493621 10.083500 -0.024372 0.495116 0.868485 -1.000800 0.000000 0.000000 0.000000 1.000000
0.990687 0.127947 -0.046562 0.000000 -0.134179 0.859370 -0.493436 10.083500 -0.023119 0.495088 0.868535 -1.000800 0.000000 0.000000 0.000000 1.000000
0.990809 0.126860 -0.046943 0.000000 -0.133429 0.859600 -0.493239 10.083500 -0.022220 0.494969 0.868626 -1.000800 0.000000 0.000000 0.000000 1.000000
0.990996 0.125473 -0.046722 -0.000000 -0.132122 0.859912 -0.493046 10.083500 -0.021687 0.494780 0.868748 -1.000800 0.000000 0.000000 0.000000 1.000000
0.991230 0.123903 -0.045943 -0.000000 -0.130379 0.860279 -0.492870 10.083500 -0.021544 0.494538 0.868889 -1.000800 0.000000 0.000000 0.000000 1.000000
0.991493 0.122265 -0.044653 0.000000 -0.128323 0.860674 -0.492721 10.083500 -0.021811 0.494259 0.869041 -1.000800 0.000000 0.000000 0.000000 1.000000
0.991765 0.120673 -0.042896 0.000000 -0.126077 0.861072 -0.492605 10.083500 -0.022507 0.493957 0.869195 -1.000800 0.000000 0.000000 0.000000 1.000000
0.992030 0.119246 -0.040715 0.000000 -0.123765 0.861450 -0.492531 10.083500 -0.023658 0.493645 0.869342 -1.000800 0.000000 0.000000 0.000000 1.000000
0.992268 0.118116 -0.038120 0.000000 -0.121506 0.861801 -0.492479 10.083500 -0.025318 0.493303 0.869489 -1.000800 0.000000 0.000000 0.000000 1.000000
0.992466 0.117326 -0.035289 0.000000 -0.119426 0.862117 -0.492434 10.083500 -0.027352 0.492939 0.869634 -1.000800 0.000000 0.000000 0.000000 1.000000
0.992616 0.116864 -0.032504 -0.000000 -0.117655 0.862374 -0.492410 10.083500 -0.029514 0.492598 0.869756 -1.000800 0.000000 0.000000 0.000000 1.000000
0.992710 0.116719 -0.030048 0.000000 -0.116320 0.862549 -0.492422 10.083500 -0.031557 0.492328 0.869838 -1.000800 0.000000 0.000000 0.000000 1.000000</float_array><technique_common><accessor source="#mixamorig_Spine1-Matrix-animation-output-transform-array" count="22" stride="16"><param type="float4x4"/></accessor></technique_common></source><source id="mixamorig_Spine1-Interpolations"><Name_array id="mixamorig_Spine1-Interpolations-array" count="22">
 LINEAR LINEAR LINEAR LINEAR LINEAR LINEAR LINEAR LINEAR LINEAR LINEAR LINEAR
LINEAR LINEAR LINEAR LINEAR LINEAR LINEAR LINEAR LINEAR LINEAR LINEAR LINEAR</Name_array><technique_common><accessor source="#mixamorig_Spine1-Interpolations-array" count="22"><param type="name"/></accessor></technique_common></source><sampler id="mixamorig_Spine1-Matrix-animation-transform"><input semantic="INPUT" source="#mixamorig_Spine1-Matrix-animation-input"/><input semantic="OUTPUT" source="#mixamorig_Spine1-Matrix-animation-output-transform"/><input semantic="INTERPOLATION" source="#mixamorig_Spine1-Interpolations"/></sampler><channel source="#mixamorig_Spine1-Matrix-animation-transform" target="mixamorig_Spine1/matrix"/></animation>
    <animation id="mixamorig_Spine2-anim" name="mixamorig_Spine2"><source id="mixamorig_Spine2-Matrix-animation-input"><float_array id="mixamorig_Spine2-Matrix-animation-input-array" count="22">

0.000000 0.033333 0.066667 0.100000 0.133333 0.166667 0.200000 0.233333 0.266667 0.300000 0.333333 0.366667 0.400000 0.433333 0.466667 0.500000
0.533333 0.566667 0.600000 0.633333 0.666667 0.700000</float_array><technique_common><accessor source="#mixamorig_Spine2-Matrix-animation-input-array" count="22"><param name="TIME" type="float"/></accessor></technique_common></source><source id="mixamorig_Spine2-Matrix-animation-output-transform"><float_array id="mixamorig_Spine2-Matrix-animation-output-transform-array" count="352">

0.992710 0.116719 -0.030048 0.000000 -0.116320 0.862549 -0.492422 9.100000 -0.031557 0.492327 0.869838 -1.373400 0.000000 0.000000 0.000000 1.000000
0.992629 0.117548 -0.029499 0.000000 -0.116763 0.862379 -0.492614 9.100000 -0.032467 0.492427 0.869748 -1.373400 0.000000 0.000000 0.000000 1.000000
0.992459 0.118944 -0.029628 0.000000 -0.118030 0.862058 -0.492875 9.100000 -0.033083 0.492655 0.869595 -1.373400 0.000000 0.000000 0.000000 1.000000
0.992223 0.120702 -0.030396 0.000000 -0.119923 0.861628 -0.493170 9.100000 -0.033337 0.492980 0.869402 -1.373400 0.000000 0.000000 0.000000 1.000000
0.991946 0.122617 -0.031760 0.000000 -0.122247 0.861136 -0.493458 9.100000 -0.033157 0.493366 0.869190 -1.373400 0.000000 0.000000 0.000000 1.000000
0.991650 0.124485 -0.033677 0.000000 -0.124804 0.860632 -0.493697 9.100000 -0.032475 0.493778 0.868982 -1.373400 0.000000 0.000000 0.000000 1.000000
0.991359 0.126112 -0.036087 -0.000000 -0.127399 0.860165 -0.493847 9.100000 -0.031239 0.494178 0.868800 -1.373400 0.000000 0.000000 0.000000 1.000000
0.991093 0.127405 -0.038758 0.000000 -0.129838 0.859769 -0.493902 9.100000 -0.029603 0.494535 0.868653 -1.373400 0.000000 0.000000 0.000000 1.000000
0.990871 0.128302 -0.041401 -0.000000 -0.131922 0.859468 -0.493874 9.100000 -0.027782 0.494827 0.868548 -1.373400 0.000000 0.000000 0.000000 1.000000
0.990714 0.128729 -0.043745 0.000000 -0.133455 0.859288 -0.493774 9.100000 -0.025974 0.495027 0.868489 -1.373400 0.000000 0.000000 0.000000 1.000000
0.990649 0.128616 -0.045522 -0.000000 -0.134240 0.859254 -0.493621 9.100000 -0.024372 0.495116 0.868485 -1.373400 0.000000 0.000000 0.000000 1.000000
0.990687 0.127948 -0.046562 0.000000 -0.134179 0.859370 -0.493436 9.100000 -0.023120 0.495088 0.868535 -1.373400 0.000000 0.000000 0.000000 1.000000
0.990809 0.126860 -0.046944 0.000000 -0.133429 0.859600 -0.493239 9.100000 -0.022219 0.494969 0.868626 -1.373400 0.000000 0.000000 0.000000 1.000000
0.990996 0.125473 -0.046722 0.000000 -0.132122 0.859912 -0.493047 9.100000 -0.021687 0.494780 0.868747 -1.373400 0.000000 0.000000 0.000000 1.000000
0.991230 0.123903 -0.045943 -0.000000 -0.130379 0.860279 -0.492870 9.100000 -0.021544 0.494538 0.868889 -1.373400 0.000000 0.000000 0.000000 1.000000
0.991493 0.122265 -0.044653 0.000000 -0.128323 0.860674 -0.492720 9.100000 -0.021811 0.494259 0.869041 -1.373400 0.000000 0.000000 0.000000 1.000000
0.991765 0.120673 -0.042897 0.000000 -0.126077 0.861072 -0.492606 9.100000 -0.022507 0.493957 0.869195 -1.373400 0.000000 0.000000 0.000000 1.000000
0.992030 0.119246 -0.040716 0.000000 -0.123764 0.861450 -0.492531 9.100000 -0.023658 0.493645 0.869342 -1.373400 0.000000 0.000000 0.000000 1.000000
0.992268 0.118116 -0.038120 -0.000000 -0.121506 0.861801 -0.492479 9.100000 -0.025318 0.493303 0.869489 -1.373400 0.000000 0.000000 0.000000 1.000000
0.992466 0.117326 -0.035289 0.000000 -0.119426 0.862117 -0.492435 9.100000 -0.027352 0.492939 0.869634 -1.373400 0.000000 0.000000 0.000000 1.000000
0.992616 0.116864 -0.032504 -0.000000 -0.117655 0.862374 -0.492410 9.100000 -0.029515 0.492598 0.869756 -1.373400 0.000000 0.000000 0.000000 1.000000
0.992710 0.116719 -0.030048 0.000000 -0.116320 0.862549 -0.492422 9.100000 -0.031557 0.492327 0.869838 -1.373400 0.000000 0.000000 0.000000 1.000000</float_array><technique_common><accessor source="#mixamorig_Spine2-Matrix-animation-output-transform-array" count="22" stride="16"><param type="float4x4"/></accessor></technique_common></source><source id="mixamorig_Spine2-Interpolations"><Name_array id="mixamorig_Spine2-Interpolations-array" count="22">
 LINEAR LINEAR LINEAR LINEAR LINEAR LINEAR LINEAR LINEAR LINEAR LINEAR LINEAR
LINEAR LINEAR LINEAR LINEAR LINEAR LINEAR LINEAR LINEAR LINEAR LINEAR LINEAR</Name_array><technique_common><accessor source="#mixamorig_Spine2-Interpolations-array" count="22"><param type="name"/></accessor></technique_common></source><sampler id="mixamorig_Spine2-Matrix-animation-transform"><input semantic="INPUT" source="#mixamorig_Spine2-Matrix-animation-input"/><input semantic="OUTPUT" source="#mixamorig_Spine2-Matrix-animation-output-transform"/><input semantic="INTERPOLATION" source="#mixamorig_Spine2-Interpolations"/></sampler><channel source="#mixamorig_Spine2-Matrix-animation-transform" target="mixamorig_Spine2/matrix"/></animation>
    <animation id="mixamorig_Neck-anim" name="mixamorig_Neck"><source id="mixamorig_Neck-Matrix-animation-input"><float_array id="mixamorig_Neck-Matrix-animation-input-array" count="22">

0.000000 0.033333 0.066667 0.100000 0.133333 0.166667 0.200000 0.233333 0.266667 0.300000 0.333333 0.366667 0.400000 0.433333 0.466667 0.500000
0.533333 0.566667 0.600000 0.633333 0.666667 0.700000</float_array><technique_common><accessor source="#mixamorig_Neck-Matrix-animation-input-array" count="22"><param name="TIME" type="float"/></accessor></technique_common></source><source id="mixamorig_Neck-Matrix-animation-output-transform"><float_array id="mixamorig_Neck-Matrix-animation-output-transform-array" count="352">

0.990538 0.113187 0.077608 -0.000000 -0.110959 0.993295 -0.032457 16.671700 -0.080762 0.023539 0.996455 -2.516200 0.000000 0.000000 0.000000 1.000000
0.991340 0.107496 0.075431 0.000000 -0.105326 0.993917 -0.032191 16.671700 -0.078433 0.023968 0.996631 -2.516200 0.000000 0.000000 0.000000 1.000000
0.992218 0.100957 0.072873 0.000000 -0.098847 0.994588 -0.032012 16.671700 -0.075711 0.024560 0.996827 -2.516200 0.000000 0.000000 0.000000 1.000000
0.993046 0.094450 0.070282 -0.000000 -0.092396 0.995210 -0.031932 16.671700 -0.072962 0.025216 0.997016 -2.516200 0.000000 0.000000 0.000000 1.000000
0.993719 0.088866 0.068008 0.000000 -0.086856 0.995708 -0.031970 16.671700 -0.070557 0.025863 0.997172 -2.516200 0.000000 0.000000 0.000000 1.000000
0.994157 0.085099 0.066403 0.000000 -0.083112 0.996022 -0.032138 16.671700 -0.068874 0.026431 0.997275 -2.516200 0.000000 0.000000 0.000000 1.000000
0.994297 0.083945 0.065782 0.000000 -0.081952 0.996108 -0.032441 16.671700 -0.068250 0.026865 0.997307 -2.516200 0.000000 0.000000 0.000000 1.000000
0.994170 0.085201 0.066087 -0.000000 -0.083176 0.995994 -0.032820 16.671700 -0.068619 0.027132 0.997274 -2.516200 0.000000 0.000000 0.000000 1.000000
0.993824 0.088349 0.067139 -0.000000 -0.086275 0.995718 -0.033191 16.671700 -0.069784 0.027194 0.997191 -2.516200 0.000000 0.000000 0.000000 1.000000
0.993289 0.092974 0.068797 0.000000 -0.090843 0.995302 -0.033487 16.671700 -0.071588 0.027013 0.997068 -2.516200 0.000000 0.000000 0.000000 1.000000
0.992591 0.098661 0.070923 0.000000 -0.096473 0.994767 -0.033636 16.671700 -0.073871 0.026544 0.996914 -2.516200 0.000000 0.000000 0.000000 1.000000
0.991764 0.104982 0.073363 -0.000000 -0.102748 0.994140 -0.033599 16.671700 -0.076461 0.025785 0.996739 -2.516200 0.000000 0.000000 0.000000 1.000000
0.990861 0.111486 0.075933 0.000000 -0.109217 0.993456 -0.033417 16.671700 -0.079161 0.024818 0.996553 -2.516200 0.000000 0.000000 0.000000 1.000000
0.989943 0.117723 0.078446 -0.000000 -0.115434 0.992763 -0.033125 16.671700 -0.081778 0.023736 0.996368 -2.516200 0.000000 0.000000 0.000000 1.000000
0.989087 0.123252 0.080722 -0.000000 -0.120956 0.992117 -0.032758 16.671700 -0.084123 0.022637 0.996198 -2.516200 0.000000 0.000000 0.000000 1.000000
0.988378 0.127632 0.082579 0.000000 -0.125344 0.991586 -0.032340 16.671700 -0.086012 0.021613 0.996060 -2.516200 0.000000 0.000000 0.000000 1.000000
0.987907 0.130425 0.083834 0.000000 -0.128157 0.991240 -0.031913 16.671700 -0.087262 0.020783 0.995969 -2.516200 0.000000 0.000000 0.000000 1.000000
0.987768 0.131182 0.084299 -0.000000 -0.128942 0.991151 -0.031510 16.671700 -0.087686 0.020255 0.995942 -2.516200 0.000000 0.000000 0.000000 1.000000
0.988064 0.129316 0.083704 0.000000 -0.127091 0.991394 -0.031405 16.671700 -0.087045 0.020392 0.995996 -2.516200 0.000000 0.000000 0.000000 1.000000
0.988732 0.125136 0.082159 -0.000000 -0.122908 0.991913 -0.031657 16.671700 -0.085456 0.021202 0.996116 -2.516200 0.000000 0.000000 0.000000 1.000000
0.989607 0.119479 0.080012 -0.000000 -0.117245 0.992585 -0.032072 16.671700 -0.083251 0.022358 0.996278 -2.516200 0.000000 0.000000 0.000000 1.000000
0.990538 0.113187 0.077608 -0.000000 -0.110959 0.993295 -0.032457 16.671700 -0.080762 0.023539 0.996455 -2.516200 0.000000 0.000000 0.000000 1.000000</float_array><technique_common><accessor source="#mixamorig_Neck-Matrix-animation-output-transform-array" count="22" stride="16"><param type="float4x4"/></accessor></technique_common></source><source id="mixamorig_Neck-Interpolations"><Name_array id="mixamorig_Neck-Interpolations-array" count="22">
 LINEAR LINEAR LINEAR LINEAR LINEAR LINEAR LINEAR LINEAR LINEAR LINEAR LINEAR
LINEAR LINEAR LINEAR LINEAR LINEAR LINEAR LINEAR LINEAR LINEAR LINEAR LINEAR</Name_array><technique_common><accessor source="#mixamorig_Neck-Interpolations-array" count="22"><param type="name"/></accessor></technique_common></source><sampler id="mixamorig_Neck-Matrix-animation-transform"><input semantic="INPUT" source="#mixamorig_Neck-Matrix-animation-input"/><input semantic="OUTPUT" source="#mixamorig_Neck-Matrix-animation-output-transform"/><input semantic="INTERPOLATION" source="#mixamorig_Neck-Interpolations"/></sampler><channel source="#mixamorig_Neck-Matrix-animation-transform" target="mixamorig_Neck/matrix"/></animation>
    <animation id="mixamorig_Head-anim" name="mixamorig_Head"><source id="mixamorig_Head-Matrix-animation-input"><float_array id="mixamorig_Head-Matrix-animation-input-array" count="22">

0.000000 0.033333 0.066667 0.100000 0.133333 0.166667 0.200000 0.233333 0.266667 0.300000 0.333333 0.366667 0.400000 0.433333 0.466667 0.500000
0.533333 0.566667 0.600000 0.633333 0.666667 0.700000</float_array><technique_common><accessor source="#mixamorig_Head-Matrix-animation-input-array" count="22"><param name="TIME" type="float"/></accessor></technique_common></source><source id="mixamorig_Head-Matrix-animation-output-transform"><float_array id="mixamorig_Head-Matrix-animation-output-transform-array" count="352">

0.991466 -0.026911 0.127560 0.000000 0.031816 0.998824 -0.036572 9.617900 -0.126426 0.040319 0.991156 1.685000 0.000000 0.000000 0.000000 1.000000
0.991530 -0.023655 0.127703 0.000000 0.028545 0.998922 -0.036605 9.617900 -0.126699 0.039940 0.991137 1.685000 0.000000 0.000000 0.000000 1.000000
0.991640 -0.020424 0.127413 0.000000 0.025165 0.999045 -0.035709 9.617900 -0.126562 0.038617 0.991207 1.685000 0.000000 0.000000 0.000000 1.000000
0.991778 -0.017637 0.126753 -0.000000 0.022119 0.999176 -0.034040 9.617900 -0.126048 0.036564 0.991350 1.685000 0.000000 0.000000 0.000000 1.000000
0.991934 -0.015712 0.125777 0.000000 0.019855 0.999299 -0.031749 9.617900 -0.125190 0.033990 0.991550 1.685000 0.000000 0.000000 0.000000 1.000000
0.992101 -0.015071 0.124531 0.000000 0.018821 0.999402 -0.028991 9.617900 -0.124019 0.031105 0.991792 1.685000 0.000000 0.000000 0.000000 1.000000
0.992269 -0.016077 0.123056 0.000000 0.019409 0.999475 -0.025934 9.617900 -0.122575 0.028122 0.992061 1.685000 0.000000 0.000000 0.000000 1.000000
0.992423 -0.018469 0.121473 0.000000 0.021399 0.999510 -0.022857 9.617900 -0.120991 0.025284 0.992332 1.685000 0.000000 0.000000 0.000000 1.000000
0.992543 -0.021799 0.119931 0.000000 0.024377 0.999501 -0.020074 9.617900 -0.119434 0.022848 0.992579 1.685000 0.000000 0.000000 0.000000 1.000000
0.992612 -0.025684 0.118583 -0.000000 0.027997 0.999448 -0.017880 9.617900 -0.118059 0.021068 0.992783 1.685000 0.000000 0.000000 0.000000 1.000000
0.992616 -0.029743 0.117592 0.000000 0.031907 0.999354 -0.016565 9.617900 -0.117024 0.020195 0.992924 1.685000 0.000000 0.000000 0.000000 1.000000
0.992554 -0.033655 0.117068 0.000000 0.035802 0.999226 -0.016285 9.617900 -0.116429 0.020355 0.992990 1.685000 0.000000 0.000000 0.000000 1.000000
0.992437 -0.037235 0.116968 0.000000 0.039472 0.999078 -0.016870 9.617900 -0.116232 0.021359 0.992992 1.685000 0.000000 0.000000 0.000000 1.000000
0.992284 -0.040289 0.117257 0.000000 0.042705 0.998923 -0.018167 9.617900 -0.116399 0.023034 0.992935 1.685000 0.000000 0.000000 0.000000 1.000000
0.992111 -0.042619 0.117898 0.000000 0.045286 0.998773 -0.020037 9.617900 -0.116900 0.025218 0.992823 1.685000 0.000000 0.000000 0.000000 1.000000
0.991936 -0.044025 0.118849 0.000000 0.047001 0.998645 -0.022352 9.617900 -0.117704 0.027757 0.992661 1.685000 0.000000 0.000000 0.000000 1.000000
0.991777 -0.044308 0.120061 0.000000 0.047634 0.998553 -0.024968 9.617900 -0.118781 0.030481 0.992453 1.685000 0.000000 0.000000 0.000000 1.000000
0.991650 -0.043263 0.121481 -0.000000 0.046962 0.998511 -0.027757 9.617900 -0.120100 0.033230 0.992206 1.685000 0.000000 0.000000 0.000000 1.000000
0.991568 -0.040584 0.123072 0.000000 0.044649 0.998539 -0.030450 9.617900 -0.121656 0.035688 0.991930 1.685000 0.000000 0.000000 0.000000 1.000000
0.991519 -0.036548 0.124718 0.000000 0.040943 0.998621 -0.032860 9.617900 -0.123345 0.037687 0.991648 1.685000 0.000000 0.000000 0.000000 1.000000
0.991488 -0.031780 0.126263 0.000000 0.036460 0.998725 -0.034924 9.617900 -0.124992 0.039231 0.991382 1.685000 0.000000 0.000000 0.000000 1.000000
0.991466 -0.026911 0.127560 0.000000 0.031816 0.998824 -0.036572 9.617900 -0.126426 0.040319 0.991156 1.685000 0.000000 0.000000 0.000000 1.000000</float_array><technique_common><accessor source="#mixamorig_Head-Matrix-animation-output-transform-array" count="22" stride="16"><param type="float4x4"/></accessor></technique_common></source><source id="mixamorig_Head-Interpolations"><Name_array id="mixamorig_Head-Interpolations-array" count="22">
 LINEAR LINEAR LINEAR LINEAR LINEAR LINEAR LINEAR LINEAR LINEAR LINEAR LINEAR
LINEAR LINEAR LINEAR LINEAR LINEAR LINEAR LINEAR LINEAR LINEAR LINEAR LINEAR</Name_array><technique_common><accessor source="#mixamorig_Head-Interpolations-array" count="22"><param type="name"/></accessor></technique_common></source><sampler id="mixamorig_Head-Matrix-animation-transform"><input semantic="INPUT" source="#mixamorig_Head-Matrix-animation-input"/><input semantic="OUTPUT" source="#mixamorig_Head-Matrix-animation-output-transform"/><input semantic="INTERPOLATION" source="#mixamorig_Head-Interpolations"/></sampler><channel source="#mixamorig_Head-Matrix-animation-transform" target="mixamorig_Head/matrix"/></animation>
    <animation id="mixamorig_LeftShoulder-anim" name="mixamorig_LeftShoulder"><source id="mixamorig_LeftShoulder-Matrix-animation-input"><float_array id="mixamorig_LeftShoulder-Matrix-animation-input-array" count="22">

0.000000 0.033333 0.066667 0.100000 0.133333 0.166667 0.200000 0.233333 0.266667 0.300000 0.333333 0.366667 0.400000 0.433333 0.466667 0.500000
0.533333 0.566667 0.600000 0.633333 0.666667 0.700000</float_array><technique_common><accessor source="#mixamorig_LeftShoulder-Matrix-animation-input-array" count="22"><param name="TIME" type="float"/></accessor></technique_common></source><source id="mixamorig_LeftShoulder-Matrix-animation-output-transform"><float_array id="mixamorig_LeftShoulder-Matrix-animation-output-transform-array" count="352">

0.999507 -0.011622 0.029167 4.570400 0.009505 0.997381 0.071701 10.946000 -0.029924 -0.071389 0.997000 -2.628000 0.000000 0.000000 0.000000 1.000000
0.999516 -0.011602 0.028879 4.570400 0.009509 0.997387 0.071610 10.946000 -0.029635 -0.071301 0.997015 -2.628000 0.000000 0.000000 0.000000 1.000000
0.999539 -0.011598 0.028057 4.570400 0.009571 0.997406 0.071345 10.946000 -0.028811 -0.071044 0.997057 -2.628000 0.000000 0.000000 0.000000 1.000000
0.999572 -0.011665 0.026824 4.570400 0.009736 0.997433 0.070939 10.946000 -0.027583 -0.070648 0.997120 -2.628000 0.000000 0.000000 0.000000 1.000000
0.999609 -0.011857 0.025307 4.570400 0.010048 0.997466 0.070427 10.946000 -0.026078 -0.070145 0.997196 -2.628000 0.000000 0.000000 0.000000 1.000000
0.999646 -0.012229 0.023631 4.570400 0.010552 0.997502 0.069842 10.946000 -0.024426 -0.069568 0.997278 -2.628000 0.000000 0.000000 0.000000 1.000000
0.999677 -0.012832 0.021920 4.570400 0.011287 0.997538 0.069218 10.946000 -0.022754 -0.068948 0.997361 -2.628000 0.000000 0.000000 0.000000 1.000000
0.999701 -0.013636 0.020305 4.570400 0.012214 0.997569 0.068601 10.946000 -0.021191 -0.068333 0.997438 -2.628000 0.000000 0.000000 0.000000 1.000000
0.999716 -0.014503 0.018918 4.570400 0.013184 0.997595 0.068050 10.946000 -0.019859 -0.067782 0.997503 -2.628000 0.000000 0.000000 0.000000 1.000000
0.999723 -0.015279 0.017893 4.570400 0.014036 0.997612 0.067627 10.946000 -0.018884 -0.067357 0.997550 -2.628000 0.000000 0.000000 0.000000 1.000000
0.999724 -0.015815 0.017364 4.570400 0.014611 0.997620 0.067392 10.946000 -0.018389 -0.067120 0.997575 -2.628000 0.000000 0.000000 0.000000 1.000000
0.999721 -0.015983 0.017400 4.570400 0.014777 0.997618 0.067384 10.946000 -0.018435 -0.067108 0.997575 -2.628000 0.000000 0.000000 0.000000 1.000000
0.999715 -0.015815 0.017900 4.570400 0.014572 0.997608 0.067566 10.946000 -0.018926 -0.067285 0.997554 -2.628000 0.000000 0.000000 0.000000 1.000000
0.999704 -0.015489 0.018770 4.570400 0.014182 0.997592 0.067886 10.946000 -0.019776 -0.067599 0.997517 -2.628000 0.000000 0.000000 0.000000 1.000000
0.999688 -0.015057 0.019928 4.570400 0.013664 0.997571 0.068309 10.946000 -0.020908 -0.068016 0.997465 -2.628000 0.000000 0.000000 0.000000 1.000000
0.999667 -0.014549 0.021290 4.570400 0.013053 0.997544 0.068810 10.946000 -0.022239 -0.068509 0.997403 -2.628000 0.000000 0.000000 0.000000 1.000000
0.999643 -0.013996 0.022775 4.570400 0.012386 0.997515 0.069355 10.946000 -0.023689 -0.069048 0.997332 -2.628000 0.000000 0.000000 0.000000 1.000000
0.999615 -0.013428 0.024301 4.570400 0.011700 0.997484 0.069915 10.946000 -0.025178 -0.069604 0.997257 -2.628000 0.000000 0.000000 0.000000 1.000000
0.999585 -0.012877 0.025785 4.570400 0.011032 0.997454 0.070460 10.946000 -0.026626 -0.070146 0.997181 -2.628000 0.000000 0.000000 0.000000 1.000000
0.999555 -0.012372 0.027146 4.570400 0.010418 0.997425 0.070959 10.946000 -0.027954 -0.070645 0.997110 -2.628000 0.000000 0.000000 0.000000 1.000000
0.999528 -0.011944 0.028300 4.570400 0.009897 0.997400 0.071383 10.946000 -0.029079 -0.071069 0.997047 -2.628000 0.000000 0.000000 0.000000 1.000000
0.999507 -0.011622 0.029167 4.570400 0.009505 0.997381 0.071701 10.946000 -0.029924 -0.071389 0.997000 -2.628000 0.000000 0.000000 0.000000 1.000000</float_array><technique_common><accessor source="#mixamorig_LeftShoulder-Matrix-animation-output-transform-array" count="22" stride="16"><param type="float4x4"/></accessor></technique_common></source><source id="mixamorig_LeftShoulder-Interpolations"><Name_array id="mixamorig_LeftShoulder-Interpolations-array" count="22">
 LINEAR LINEAR LINEAR LINEAR LINEAR LINEAR LINEAR LINEAR LINEAR LINEAR LINEAR
LINEAR LINEAR LINEAR LINEAR LINEAR LINEAR LINEAR LINEAR LINEAR LINEAR LINEAR</Name_array><technique_common><accessor source="#mixamorig_LeftShoulder-Interpolations-array" count="22"><param type="name"/></accessor></technique_common></source><sampler id="mixamorig_LeftShoulder-Matrix-animation-transform"><input semantic="INPUT" source="#mixamorig_LeftShoulder-Matrix-animation-input"/><input semantic="OUTPUT" source="#mixamorig_LeftShoulder-Matrix-animation-output-transform"/><input semantic="INTERPOLATION" source="#mixamorig_LeftShoulder-Interpolations"/></sampler><channel source="#mixamorig_LeftShoulder-Matrix-animation-transform" target="mixamorig_LeftShoulder/matrix"/></animation>
    <animation id="mixamorig_LeftArm-anim" name="mixamorig_LeftArm"><source id="mixamorig_LeftArm-Matrix-animation-input"><float_array id="mixamorig_LeftArm-Matrix-animation-input-array" count="22">

0.000000 0.033333 0.066667 0.100000 0.133333 0.166667 0.200000 0.233333 0.266667 0.300000 0.333333 0.366667 0.400000 0.433333 0.466667 0.500000
0.533333 0.566667 0.600000 0.633333 0.666667 0.700000</float_array><technique_common><accessor source="#mixamorig_LeftArm-Matrix-animation-input-array" count="22"><param name="TIME" type="float"/></accessor></technique_common></source><source id="mixamorig_LeftArm-Matrix-animation-output-transform"><float_array id="mixamorig_LeftArm-Matrix-animation-output-transform-array" count="352">

0.984626 -0.103034 0.141050 10.592400 0.026919 0.887364 0.460283 -0.524600 -0.172588 -0.449410 0.876495 -2.232100 0.000000 0.000000 0.000000 1.000000
0.985443 -0.096573 0.139916 10.592400 0.021647 0.887571 0.460163 -0.524600 -0.168625 -0.450435 0.876740 -2.232100 0.000000 0.000000 0.000000 1.000000
0.986726 -0.087927 0.136532 10.592400 0.015475 0.887823 0.459924 -0.524600 -0.161656 -0.451706 0.877399 -2.232100 0.000000 0.000000 0.000000 1.000000
0.988254 -0.078200 0.131297 10.592400 0.009179 0.887981 0.459789 -0.524600 -0.152544 -0.453183 0.878268 -2.232100 0.000000 0.000000 0.000000 1.000000
0.989837 -0.068497 0.124623 10.592400 0.003533 0.887925 0.459975 -0.524600 -0.142163 -0.454860 0.879143 -2.232100 0.000000 0.000000 0.000000 1.000000
0.991329 -0.059927 0.116942 10.592400 -0.000693 0.887554 0.460703 -0.524600 -0.131401 -0.456789 0.879817 -2.232100 0.000000 0.000000 0.000000 1.000000
0.992643 -0.053556 0.108585 10.592400 -0.002711 0.886789 0.462166 -0.524600 -0.121044 -0.459060 0.880120 -2.232100 0.000000 0.000000 0.000000 1.000000
0.993807 -0.049759 0.099359 10.592400 -0.002066 0.885713 0.464229 -0.524600 -0.111103 -0.461559 0.880125 -2.232100 0.000000 0.000000 0.000000 1.000000
0.994773 -0.048187 0.090029 10.592400 0.000624 0.884505 0.466530 -0.524600 -0.102112 -0.464035 0.879912 -2.232100 0.000000 0.000000 0.000000 1.000000
0.995479 -0.048446 0.081703 10.592400 0.004520 0.883340 0.468711 -0.524600 -0.094879 -0.466223 0.879565 -2.232100 0.000000 0.000000 0.000000 1.000000
0.995885 -0.050155 0.075484 10.592400 0.008784 0.882402 0.470414 -0.524600 -0.090201 -0.467815 0.879211 -2.232100 0.000000 0.000000 0.000000 1.000000
0.995964 -0.052940 0.072483 10.592400 0.012578 0.881892 0.471284 -0.524600 -0.088871 -0.468470 0.878998 -2.232100 0.000000 0.000000 0.000000 1.000000
0.995650 -0.057114 0.073617 10.592400 0.015766 0.881976 0.471031 -0.524600 -0.091830 -0.467821 0.879040 -2.232100 0.000000 0.000000 0.000000 1.000000
0.994886 -0.063488 0.078556 10.592400 0.019229 0.882583 0.469764 -0.524600 -0.099157 -0.465851 0.879290 -2.232100 0.000000 0.000000 0.000000 1.000000
0.993722 -0.071291 0.086218 10.592400 0.022795 0.883525 0.467828 -0.524600 -0.109528 -0.462926 0.879604 -2.232100 0.000000 0.000000 0.000000 1.000000
0.992244 -0.079581 0.095489 10.592400 0.026144 0.884620 0.465579 -0.524600 -0.121523 -0.459472 0.879840 -2.232100 0.000000 0.000000 0.000000 1.000000
0.990595 -0.087438 0.105241 10.592400 0.028949 0.885690 0.463373 -0.524600 -0.133727 -0.455969 0.879892 -2.232100 0.000000 0.000000 0.000000 1.000000
0.988983 -0.093975 0.114375 10.592400 0.030863 0.886567 0.461569 -0.524600 -0.144777 -0.452953 0.879700 -2.232100 0.000000 0.000000 0.000000 1.000000
0.987536 -0.098645 0.122644 10.592400 0.031425 0.887113 0.460482 -0.524600 -0.154224 -0.450888 0.879156 -2.232100 0.000000 0.000000 0.000000 1.000000
0.986282 -0.101572 0.130116 10.592400 0.030692 0.887362 0.460050 -0.524600 -0.162189 -0.449746 0.878307 -2.232100 0.000000 0.000000 0.000000 1.000000
0.985290 -0.102969 0.136385 10.592400 0.029059 0.887414 0.460057 -0.524600 -0.168402 -0.449326 0.877352 -2.232100 0.000000 0.000000 0.000000 1.000000
