<?xml version="1.0" encoding="utf-8"?>
<COLLADA xmlns="http://www.collada.org/2005/11/COLLADASchema" version="1.4.1">
  <asset><contributor><author>Mixamo</author><authoring_tool>COLLADA Mixamo exporter</authoring_tool><comments></comments></contributor><created>2019-03-19T12:33:22Z</created><modified>2019-03-19T12:33:22Z</modified><revision></revision><title></title><unit meter="0.010000"/><up_axis>Y_UP</up_axis></asset>
  <library_animations>
    <animation id="mixamorig_Hips-anim" name="mixamorig_Hips"><source id="mixamorig_Hips-Matrix-animation-input"><float_array id="mixamorig_Hips-Matrix-animation-input-array" count="33">

0.000000 0.033333 0.066667 0.100000 0.133333 0.166667 0.200000 0.233333 0.266667 0.300000 0.333333 0.366667 0.400000 0.433333 0.466667 0.500000
0.533333 0.566667 0.600000 0.633333 0.666667 0.700000 0.733333 0.766667 0.800000 0.833333 0.866667 0.900000 0.933333 0.966667 1.000000 1.033333
1.066667</float_array><technique_common><accessor source="#mixamorig_Hips-Matrix-animation-input-array" count="33"><param name="TIME" type="float"/></accessor></technique_common></source><source id="mixamorig_Hips-Matrix-animation-output-transform"><float_array id="mixamorig_Hips-Matrix-animation-output-transform-array" count="528">

0.815222 -0.010326 -0.579056 -6.008477 0.228354 0.924570 0.305000 155.049286 0.532228 -0.380872 0.756088 -7.772244 0.000000 0.000000 0.000000 1.000000
0.830711 -0.004094 -0.556689 -6.049431 0.209829 0.928526 0.306285 152.164551 0.515646 -0.371244 0.772196 -7.501217 0.000000 0.000000 0.000000 1.000000
0.843288 -0.024824 -0.536888 -5.699058 0.200302 0.941485 0.271081 148.775467 0.498743 -0.336139 0.798916 -6.673134 0.000000 0.000000 0.000000 1.000000
0.852638 -0.059467 -0.519108 -5.285288 0.193017 0.959076 0.207164 144.845367 0.485545 -0.276833 0.829223 -5.361460 0.000000 0.000000 0.000000 1.000000
0.860801 -0.088961 -0.501105 -5.091481 0.175492 0.976101 0.128174 139.960175 0.477727 -0.198272 0.855842 -3.543293 0.000000 0.000000 0.000000 1.000000
0.877412 -0.100928 -0.469002 -5.128574 0.140957 0.988705 0.050936 132.392075 0.458563 -0.110801 0.881727 -0.650067 0.000000 0.000000 0.000000 1.000000
0.910031 -0.092979 -0.403978 -5.323434 0.111086 0.993577 0.021561 123.249832 0.399378 -0.064497 0.914515 2.664260 0.000000 0.000000 0.000000 1.000000
0.941056 -0.063258 -0.332282 -5.362196 0.075971 0.996787 0.025393 111.816910 0.329608 -0.049140 0.942838 5.572159 0.000000 0.000000 0.000000 1.000000
0.963874 -0.028826 -0.264795 -5.370501 0.036343 0.999062 0.023531 98.686249 0.263868 -0.032304 0.964018 7.074376 0.000000 0.000000 0.000000 1.000000
0.978616 -0.053233 -0.198686 -5.578396 0.042505 0.997418 -0.057881 85.993431 0.201255 0.048198 0.978352 6.402071 0.000000 0.000000 0.000000 1.000000
0.970547 -0.132505 -0.201200 -5.100490 0.106342 0.985022 -0.135734 76.002968 0.216172 0.110340 0.970100 5.558663 0.000000 0.000000 0.000000 1.000000
0.948298 -0.222248 -0.226576 -4.130942 0.175408 0.961959 -0.209444 70.091637 0.264505 0.158872 0.951208 4.745178 0.000000 0.000000 0.000000 1.000000
0.927636 -0.287135 -0.238840 -2.940722 0.222284 0.938348 -0.264752 65.698868 0.300135 0.192503 0.934271 3.915699 0.000000 0.000000 0.000000 1.000000
0.908832 -0.315418 -0.273013 -1.806694 0.237600 0.929313 -0.282709 62.846657 0.342886 0.192067 0.919532 3.229934 0.000000 0.000000 0.000000 1.000000
0.886352 -0.338366 -0.316050 -0.993222 0.246218 0.922535 -0.297165 61.502247 0.392118 0.185575 0.901003 2.804610 0.000000 0.000000 0.000000 1.000000
0.872562 -0.340311 -0.350462 -0.512506 0.240786 0.923834 -0.297579 61.736000 0.425038 0.175270 0.888045 2.583467 0.000000 0.000000 0.000000 1.000000
0.864705 -0.317165 -0.389476 -0.352378 0.219998 0.936236 -0.273978 63.663990 0.451537 0.151227 0.879343 2.319941 0.000000 0.000000 0.000000 1.000000
0.858647 -0.288666 -0.423554 -0.513194 0.194123 0.947922 -0.252507 67.017220 0.474386 0.134593 0.869967 2.090438 0.000000 0.000000 0.000000 1.000000
0.855545 -0.252540 -0.451958 -0.913293 0.159295 0.959018 -0.234327 71.402298 0.492613 0.128483 0.860712 1.907281 0.000000 0.000000 0.000000 1.000000
0.846291 -0.215347 -0.487255 -1.300125 0.128232 0.970108 -0.206028 76.345055 0.517057 0.111878 0.848608 1.634418 0.000000 0.000000 0.000000 1.000000
0.830802 -0.184038 -0.525259 -1.531648 0.103912 0.978444 -0.178465 81.442001 0.546781 0.093688 0.832017 1.332436 0.000000 0.000000 0.000000 1.000000
0.815269 -0.150536 -0.559174 -1.589021 0.077505 0.985298 -0.152252 86.204933 0.573872 0.080787 0.814950 1.063300 0.000000 0.000000 0.000000 1.000000
0.798572 -0.116019 -0.590612 -1.580111 0.054269 0.991129 -0.121318 90.224297 0.599448 0.064829 0.797784 0.839125 0.000000 0.000000 0.000000 1.000000
0.781276 -0.081096 -0.618896 -1.568532 0.034671 0.995631 -0.086695 93.175400 0.623222 0.046275 0.780674 0.666961 0.000000 0.000000 0.000000 1.000000
0.765617 -0.044399 -0.641762 -1.491823 0.017294 0.998675 -0.048460 95.104462 0.643064 0.026003 0.765371 0.472248 0.000000 0.000000 0.000000 1.000000
0.751260 -0.011069 -0.659913 -1.335815 0.007232 0.999937 -0.008539 96.214478 0.659967 0.001643 0.751293 0.270693 0.000000 0.000000 0.000000 1.000000
0.741368 0.010999 -0.671008 -1.184230 0.003793 0.999781 0.020578 96.640190 0.671088 -0.017801 0.741164 0.158901 0.000000 0.000000 0.000000 1.000000
0.736557 0.022722 -0.675994 -1.088983 0.002557 0.999335 0.036377 96.778313 0.676371 -0.028523 0.736009 0.111804 0.000000 0.000000 0.000000 1.000000
0.734003 0.029678 -0.678498 -1.028152 0.001917 0.998950 0.045769 96.838066 0.679144 -0.034896 0.733175 0.087900 0.000000 0.000000 0.000000 1.000000
0.731622 0.037443 -0.680681 -0.956267 0.001250 0.998415 0.056265 96.883240 0.681709 -0.042016 0.730416 0.068366 0.000000 0.000000 0.000000 1.000000
0.729894 0.044353 -0.682119 -0.891746 0.000623 0.997849 0.065549 96.913139 0.683560 -0.048268 0.728297 0.057772 0.000000 0.000000 0.000000 1.000000
0.729321 0.048629 -0.682441 -0.853862 0.000153 0.997459 0.071240 96.924820 0.684171 -0.052061 0.727461 0.062181 0.000000 0.000000 0.000000 1.000000
0.729293 0.053355 -0.682118 -0.818238 -0.000442 0.996991 0.077511 96.936424 0.684202 -0.056227 0.727122 0.086148 0.000000 0.000000 0.000000 1.000000</float_array><technique_common><accessor source="#mixamorig_Hips-Matrix-animation-output-transform-array" count="33" stride="16"><param type="float4x4"/></accessor></technique_common></source><source id="mixamorig_Hips-Interpolations"><Name_array id="mixamorig_Hips-Interpolations-array" count="33">
 LINEAR LINEAR LINEAR LINEAR LINEAR LINEAR LINEAR LINEAR LINEAR LINEAR LINEAR
LINEAR LINEAR LINEAR LINEAR LINEAR LINEAR LINEAR LINEAR LINEAR LINEAR LINEAR LINEAR
LINEAR LINEAR LINEAR LINEAR LINEAR LINEAR LINEAR LINEAR LINEAR LINEAR</Name_array><technique_common><accessor source="#mixamorig_Hips-Interpolations-array" count="33"><param type="name"/></accessor></technique_common></source><sampler id="mixamorig_Hips-Matrix-animation-transform"><input semantic="INPUT" source="#mixamorig_Hips-Matrix-animation-input"/><input semantic="OUTPUT" source="#mixamorig_Hips-Matrix-animation-output-transform"/><input semantic="INTERPOLATION" source="#mixamorig_Hips-Interpolations"/></sampler><channel source="#mixamorig_Hips-Matrix-animation-transform" target="mixamorig_Hips/matrix"/></animation>
    <animation id="mixamorig_Spine-anim" name="mixamorig_Spine"><source id="mixamorig_Spine-Matrix-animation-input"><float_array id="mixamorig_Spine-Matrix-animation-input-array" count="33">

0.000000 0.033333 0.066667 0.100000 0.133333 0.166667 0.200000 0.233333 0.266667 0.300000 0.333333 0.366667 0.400000 0.433333 0.466667 0.500000
0.533333 0.566667 0.600000 0.633333 0.666667 0.700000 0.733333 0.766667 0.800000 0.833333 0.866667 0.900000 0.933333 0.966667 1.000000 1.033333
1.066667</float_array><technique_common><accessor source="#mixamorig_Spine-Matrix-animation-input-array" count="33"><param name="TIME" type="float"/></accessor></technique_common></source><source id="mixamorig_Spine-Matrix-animation-output-transform"><float_array id="mixamorig_Spine-Matrix-animation-output-transform-array" count="528">

0.998504 0.054506 -0.004442 0.000000 -0.053833 0.965399 -0.255160 10.181600 -0.009620 0.255018 0.966889 0.131500 0.000000 0.000000 0.000000 1.000000
0.998866 0.047147 -0.006629 0.000000 -0.047298 0.966714 -0.251450 10.181600 -0.005446 0.251478 0.967848 0.131500 0.000000 0.000000 0.000000 1.000000
0.999041 0.042846 -0.009068 -0.000000 -0.043776 0.970859 -0.235619 10.181600 -0.001291 0.235790 0.971803 0.131500 0.000000 0.000000 0.000000 1.000000
0.999175 0.038490 -0.012943 -0.000000 -0.040353 0.976808 -0.210282 10.181600 0.004549 0.210631 0.977555 0.131500 0.000000 0.000000 0.000000 1.000000
0.999313 0.032615 -0.017606 -0.000000 -0.035234 0.983362 -0.178208 10.181600 0.011501 0.178706 0.983835 0.131500 0.000000 0.000000 0.000000 1.000000
0.999497 0.026987 -0.016630 0.000000 -0.029092 0.989284 -0.143079 10.181600 0.012590 0.143491 0.989571 0.131500 0.000000 0.000000 0.000000 1.000000
0.999717 0.020923 -0.011343 0.000000 -0.022107 0.992887 -0.116987 10.181600 0.008814 0.117205 0.993069 0.131500 0.000000 0.000000 0.000000 1.000000
0.999865 0.013891 -0.008790 -0.000000 -0.014684 0.995105 -0.097729 10.181600 0.007389 0.097844 0.995174 0.131500 0.000000 0.000000 0.000000 1.000000
0.999972 0.005443 -0.005090 -0.000000 -0.005883 0.995845 -0.090872 10.181600 0.004574 0.090900 0.995850 0.131500 0.000000 0.000000 0.000000 1.000000
0.999996 -0.002625 -0.000388 0.000000 0.002574 0.995221 -0.097610 10.181600 0.000642 0.097609 0.995225 0.131500 0.000000 0.000000 0.000000 1.000000
0.999950 0.002873 0.009528 0.000000 -0.001759 0.993368 -0.114963 10.181600 -0.009795 0.114940 0.993324 0.131500 0.000000 0.000000 0.000000 1.000000
0.999851 0.012786 0.011599 0.000000 -0.011084 0.990582 -0.136468 10.181600 -0.013234 0.136319 0.990577 0.131500 0.000000 0.000000 0.000000 1.000000
0.999836 0.012653 0.012989 0.000000 -0.010406 0.986995 -0.160414 10.181600 -0.014850 0.160252 0.986964 0.131500 0.000000 0.000000 0.000000 1.000000
0.999828 0.006185 0.017494 0.000000 -0.002830 0.982607 -0.185675 10.181600 -0.018338 0.185593 0.982456 0.131500 0.000000 0.000000 0.000000 1.000000
0.999791 -0.001521 0.020366 -0.000000 0.005638 0.979021 -0.203679 10.181600 -0.019629 0.203751 0.978826 0.131500 0.000000 0.000000 0.000000 1.000000
0.999635 -0.010596 0.024868 0.000000 0.015757 0.975917 -0.217571 10.181600 -0.021964 0.217884 0.975728 0.131500 0.000000 0.000000 0.000000 1.000000
0.999372 -0.017119 0.031022 0.000000 0.023756 0.973329 -0.228179 10.181600 -0.026288 0.228773 0.973125 0.131500 0.000000 0.000000 0.000000 1.000000
0.999183 -0.019973 0.035127 0.000000 0.027449 0.973437 -0.227304 10.181600 -0.029654 0.228082 0.973190 0.131500 0.000000 0.000000 0.000000 1.000000
0.998964 -0.022074 0.039797 -0.000000 0.030219 0.975615 -0.217397 10.181600 -0.034028 0.218374 0.975272 0.131500 0.000000 0.000000 0.000000 1.000000
0.998808 -0.019866 0.044584 0.000000 0.028579 0.978504 -0.204240 10.181600 -0.039568 0.205270 0.977905 0.131500 0.000000 0.000000 0.000000 1.000000
0.998697 -0.015339 0.048663 -0.000000 0.024269 0.981752 -0.188612 10.181600 -0.044882 0.189548 0.980845 0.131500 0.000000 0.000000 0.000000 1.000000
0.998461 -0.012279 0.054091 0.000000 0.021480 0.984693 -0.172968 10.181600 -0.051139 0.173863 0.983441 0.131500 0.000000 0.000000 0.000000 1.000000
0.998113 -0.008873 0.060761 0.000000 0.018501 0.986979 -0.159779 10.181600 -0.058552 0.160601 0.985281 0.131500 0.000000 0.000000 0.000000 1.000000
0.997741 -0.005320 0.066965 0.000000 0.015157 0.988980 -0.147272 10.181600 -0.065443 0.147955 0.986826 0.131500 0.000000 0.000000 0.000000 1.000000
0.997427 -0.001794 0.071672 0.000000 0.011388 0.990958 -0.133687 10.181600 -0.070784 0.134159 0.988429 0.131500 0.000000 0.000000 0.000000 1.000000
0.997140 0.003278 0.075507 -0.000000 0.005909 0.992620 -0.121121 10.181600 -0.075347 0.121220 0.989762 0.131500 0.000000 0.000000 0.000000 1.000000
0.996886 0.008123 0.078435 0.000000 0.000803 0.993583 -0.113105 10.181600 -0.078850 0.112816 0.990482 0.131500 0.000000 0.000000 0.000000 1.000000
0.996736 0.011668 0.079882 -0.000000 -0.002893 0.994027 -0.109101 10.181600 -0.080677 0.108513 0.990816 0.131500 0.000000 0.000000 0.000000 1.000000
0.996653 0.014351 0.080473 -0.000000 -0.005683 0.994250 -0.106935 10.181600 -0.081545 0.106120 0.991004 0.131500 0.000000 0.000000 0.000000 1.000000
0.996598 0.016464 0.080757 -0.000000 -0.007937 0.994463 -0.104788 10.181600 -0.082035 0.103791 0.991210 0.131500 0.000000 0.000000 0.000000 1.000000
0.996557 0.017965 0.080941 0.000000 -0.009575 0.994648 -0.102876 10.181600 -0.082356 0.101747 0.991396 0.131500 0.000000 0.000000 0.000000 1.000000
0.996541 0.018725 0.080964 0.000000 -0.010423 0.994754 -0.101768 10.181600 -0.082445 0.100572 0.991508 0.131500 0.000000 0.000000 0.000000 1.000000
0.996563 0.018641 0.080712 0.000000 -0.010420 0.994821 -0.101104 10.181600 -0.082179 0.099916 0.991596 0.131500 0.000000 0.000000 0.000000 1.000000</float_array><technique_common><accessor source="#mixamorig_Spine-Matrix-animation-output-transform-array" count="33" stride="16"><param type="float4x4"/></accessor></technique_common></source><source id="mixamorig_Spine-Interpolations"><Name_array id="mixamorig_Spine-Interpolations-array" count="33">
 LINEAR LINEAR LINEAR LINEAR LINEAR LINEAR LINEAR LINEAR LINEAR LINEAR LINEAR
LINEAR LINEAR LINEAR LINEAR LINEAR LINEAR LINEAR LINEAR LINEAR LINEAR LINEAR LINEAR
LINEAR LINEAR LINEAR LINEAR LINEAR LINEAR LINEAR LINEAR LINEAR LINEAR</Name_array><technique_common><accessor source="#mixamorig_Spine-Interpolations-array" count="33"><param type="name"/></accessor></technique_common></source><sampler id="mixamorig_Spine-Matrix-animation-transform"><input semantic="INPUT" source="#mixamorig_Spine-Matrix-animation-input"/><input semantic="OUTPUT" source="#mixamorig_Spine-Matrix-animation-output-transform"/><input semantic="INTERPOLATION" source="#mixamorig_Spine-Interpolations"/></sampler><channel source="#mixamorig_Spine-Matrix-animation-transform" target="mixamorig_Spine/matrix"/></animation>
    <animation id="mixamorig_Spine1-anim" name="mixamorig_Spine1"><source id="mixamorig_Spine1-Matrix-animation-input"><float_array id="mixamorig_Spine1-Matrix-animation-input-array" count="33">

0.000000 0.033333 0.066667 0.100000 0.133333 0.166667 0.200000 0.233333 0.266667 0.300000 0.333333 0.366667 0.400000 0.433333 0.466667 0.500000
0.533333 0.566667 0.600000 0.633333 0.666667 0.700000 0.733333 0.766667 0.800000 0.833333 0.866667 0.900000 0.933333 0.966667 1.000000 1.033333
1.066667</float_array><technique_common><accessor source="#mixamorig_Spine1-Matrix-animation-input-array" count="33"><param name="TIME" type="float"/></accessor></technique_common></source><source id="mixamorig_Spine1-Matrix-animation-output-transform"><float_array id="mixamorig_Spine1-Matrix-animation-output-transform-array" count="528">

0.992710 0.116719 -0.030048 0.000000 -0.116320 0.862549 -0.492422 10.083500 -0.031557 0.492327 0.869838 -1.000800 0.000000 0.000000 0.000000 1.000000
0.994241 0.102314 -0.031891 -0.000000 -0.104882 0.867783 -0.485749 10.083500 -0.022024 0.486296 0.873516 -1.000800 0.000000 0.000000 0.000000 1.000000
0.995958 0.084561 -0.030284 0.000000 -0.089033 0.884882 -0.457227 10.083500 -0.011865 0.458075 0.888834 -1.000800 0.000000 0.000000 0.000000 1.000000
0.997346 0.065406 -0.031994 -0.000000 -0.072778 0.908887 -0.410643 10.083500 0.002221 0.411882 0.911235 -1.000800 0.000000 0.000000 0.000000 1.000000
0.998193 0.047042 -0.037380 -0.000000 -0.057178 0.934854 -0.350398 10.083500 0.018461 0.351903 0.935855 -1.000800 0.000000 0.000000 0.000000 1.000000
0.998845 0.033955 -0.033992 0.000000 -0.042206 0.958155 -0.283123 10.083500 0.022956 0.284230 0.958481 -1.000800 0.000000 0.000000 0.000000 1.000000
0.999398 0.026030 -0.022928 -0.000000 -0.030651 0.972150 -0.232345 10.083500 0.016241 0.232908 0.972363 -1.000800 0.000000 0.000000 0.000000 1.000000
0.999742 0.018761 -0.012822 0.000000 -0.020898 0.980676 -0.194519 10.083500 0.008925 0.194737 0.980815 -1.000800 0.000000 0.000000 0.000000 1.000000
0.999879 0.014260 -0.006217 0.000000 -0.015150 0.983374 -0.180956 10.083500 0.003533 0.181028 0.983472 -1.000800 0.000000 0.000000 0.000000 1.000000
0.999914 0.012883 -0.002612 -0.000000 -0.013145 0.980861 -0.194267 10.083500 0.000059 0.194285 0.980945 -1.000800 0.000000 0.000000 0.000000 1.000000
0.999795 0.015811 0.012674 -0.000000 -0.012497 0.973459 -0.228522 10.083500 -0.015951 0.228316 0.973456 -1.000800 0.000000 0.000000 0.000000 1.000000
0.999733 0.015609 0.017059 0.000000 -0.010419 0.962713 -0.270323 10.083500 -0.020642 0.270073 0.962618 -1.000800 0.000000 0.000000 0.000000 1.000000
0.999742 0.002290 0.022616 0.000000 0.004984 0.948627 -0.316356 10.083500 -0.022178 0.316387 0.948371 -1.000800 0.000000 0.000000 0.000000 1.000000
0.999330 -0.014946 0.033418 0.000000 0.026102 0.930959 -0.364189 10.083500 -0.025667 0.364817 0.930725 -1.000800 0.000000 0.000000 0.000000 1.000000
0.998648 -0.031689 0.041211 0.000000 0.045492 0.916374 -0.397731 10.083500 -0.025160 0.399068 0.916576 -1.000800 0.000000 0.000000 0.000000 1.000000
0.997459 -0.048185 0.052479 0.000000 0.065915 0.903690 -0.423083 10.083500 -0.027038 0.425467 0.904570 -1.000800 0.000000 0.000000 0.000000 1.000000
0.996106 -0.058012 0.066383 0.000000 0.081482 0.893295 -0.442022 10.083500 -0.033657 0.445710 0.894544 -1.000800 0.000000 0.000000 0.000000 1.000000
0.995252 -0.061088 0.075778 -0.000000 0.088352 0.893646 -0.439990 10.083500 -0.040841 0.444596 0.894800 -1.000800 0.000000 0.000000 0.000000 1.000000
0.994409 -0.061930 0.085533 0.000000 0.092426 0.902191 -0.421318 10.083500 -0.051075 0.426867 0.902871 -1.000800 0.000000 0.000000 0.000000 1.000000
0.994134 -0.053873 0.093784 0.000000 0.086948 0.913800 -0.396748 10.083500 -0.064325 0.402575 0.913124 -1.000800 0.000000 0.000000 0.000000 1.000000
0.994131 -0.041140 0.100058 0.000000 0.075356 0.926932 -0.367585 10.083500 -0.077624 0.372967 0.924592 -1.000800 0.000000 0.000000 0.000000 1.000000
0.993664 -0.029131 0.108552 -0.000000 0.064471 0.938861 -0.338208 10.083500 -0.092063 0.343063 0.934790 -1.000800 0.000000 0.000000 0.000000 1.000000
0.992720 -0.015554 0.119436 -0.000000 0.052565 0.948155 -0.313432 10.083500 -0.108369 0.317428 0.942070 -1.000800 0.000000 0.000000 0.000000 1.000000
0.991425 -0.001791 0.130665 0.000000 0.039943 0.956204 -0.289964 10.083500 -0.124423 0.292696 0.948076 -1.000800 0.000000 0.000000 0.000000 1.000000
0.990145 0.010306 0.139665 0.000000 0.027250 0.964047 -0.264330 10.083500 -0.137368 0.265531 0.954266 -1.000800 0.000000 0.000000 0.000000 1.000000
0.988862 0.021985 0.147206 0.000000 0.014211 0.970566 -0.240415 10.083500 -0.148158 0.239829 0.959443 -1.000800 0.000000 0.000000 0.000000 1.000000
0.987733 0.031882 0.152861 0.000000 0.003399 0.974313 -0.225174 10.083500 -0.156113 0.222932 0.962253 -1.000800 0.000000 0.000000 0.000000 1.000000
0.987059 0.039018 0.155539 0.000000 -0.004286 0.976018 -0.217646 10.083500 -0.160301 0.214163 0.963555 -1.000800 0.000000 0.000000 0.000000 1.000000
0.986674 0.044385 0.156539 0.000000 -0.010050 0.976861 -0.213638 10.083500 -0.162399 0.209218 0.964290 -1.000800 0.000000 0.000000 0.000000 1.000000
0.986401 0.048605 0.157008 0.000000 -0.014809 0.977670 -0.209622 10.083500 -0.163690 0.204447 0.965094 -1.000800 0.000000 0.000000 0.000000 1.000000
0.986196 0.051611 0.157335 0.000000 -0.018335 0.978377 -0.206017 10.083500 -0.164566 0.200288 0.965817 -1.000800 0.000000 0.000000 0.000000 1.000000
0.986106 0.053162 0.157380 0.000000 -0.020222 0.978779 -0.203920 10.083500 -0.164881 0.197904 0.966255 -1.000800 0.000000 0.000000 0.000000 1.000000
0.986177 0.053091 0.156961 0.000000 -0.020456 0.979041 -0.202631 10.083500 -0.164429 0.196620 0.966594 -1.000800 0.000000 0.000000 0.000000 1.000000</float_array><technique_common><accessor source="#mixamorig_Spine1-Matrix-animation-output-transform-array" count="33" stride="16"><param type="float4x4"/></accessor></technique_common></source><source id="mixamorig_Spine1-Interpolations"><Name_array id="mixamorig_Spine1-Interpolations-array" count="33">
 LINEAR LINEAR LINEAR LINEAR LINEAR LINEAR LINEAR LINEAR LINEAR LINEAR LINEAR
LINEAR LINEAR LINEAR LINEAR LINEAR LINEAR LINEAR LINEAR LINEAR LINEAR LINEAR LINEAR
LINEAR LINEAR LINEAR LINEAR LINEAR LINEAR LINEAR LINEAR LINEAR LINEAR</Name_array><technique_common><accessor source="#mixamorig_Spine1-Interpolations-array" count="33"><param type="name"/></accessor></technique_common></source><sampler id="mixamorig_Spine1-Matrix-animation-transform"><input semantic="INPUT" source="#mixamorig_Spine1-Matrix-animation-input"/><input semantic="OUTPUT" source="#mixamorig_Spine1-Matrix-animation-output-transform"/><input semantic="INTERPOLATION" source="#mixamorig_Spine1-Interpolations"/></sampler><channel source="#mixamorig_Spine1-Matrix-animation-transform" target="mixamorig_Spine1/matrix"/></animation>
    <animation id="mixamorig_Spine2-anim" name="mixamorig_Spine2"><source id="mixamorig_Spine2-Matrix-animation-input"><float_array id="mixamorig_Spine2-Matrix-animation-input-array" count="33">

0.000000 0.033333 0.066667 0.100000 0.133333 0.166667 0.200000 0.233333 0.266667 0.300000 0.333333 0.366667 0.400000 0.433333 0.466667 0.500000
0.533333 0.566667 0.600000 0.633333 0.666667 0.700000 0.733333 0.766667 0.800000 0.833333 0.866667 0.900000 0.933333 0.966667 1.000000 1.033333
1.066667</float_array><technique_common><accessor source="#mixamorig_Spine2-Matrix-animation-input-array" count="33"><param name="TIME" type="float"/></accessor></technique_common></source><source id="mixamorig_Spine2-Matrix-animation-output-transform"><float_array id="mixamorig_Spine2-Matrix-animation-output-transform-array" count="528">

0.992710 0.116719 -0.030048 -0.000000 -0.116320 0.862549 -0.492422 9.100000 -0.031557 0.492328 0.869838 -1.373400 0.000000 0.000000 0.000000 1.000000
0.994241 0.102314 -0.031891 0.000000 -0.104882 0.867783 -0.485749 9.100000 -0.022024 0.486297 0.873516 -1.373400 0.000000 0.000000 0.000000 1.000000
0.995958 0.084561 -0.030284 0.000000 -0.089033 0.884882 -0.457227 9.100000 -0.011865 0.458075 0.888834 -1.373400 0.000000 0.000000 0.000000 1.000000
0.997346 0.065406 -0.031995 -0.000000 -0.072778 0.908887 -0.410643 9.100000 0.002221 0.411882 0.911235 -1.373400 0.000000 0.000000 0.000000 1.000000
0.998193 0.047042 -0.037380 0.000000 -0.057178 0.934854 -0.350398 9.100000 0.018461 0.351902 0.935855 -1.373400 0.000000 0.000000 0.000000 1.000000
0.998845 0.033955 -0.033992 0.000000 -0.042206 0.958155 -0.283123 9.100000 0.022956 0.284231 0.958481 -1.373400 0.000000 0.000000 0.000000 1.000000
0.999398 0.026030 -0.022928 -0.000000 -0.030651 0.972150 -0.232345 9.100000 0.016241 0.232908 0.972363 -1.373400 0.000000 0.000000 0.000000 1.000000
0.999742 0.018761 -0.012822 -0.000000 -0.020898 0.980676 -0.194519 9.100000 0.008925 0.194737 0.980815 -1.373400 0.000000 0.000000 0.000000 1.000000
0.999879 0.014260 -0.006217 -0.000000 -0.015150 0.983374 -0.180956 9.100000 0.003534 0.181028 0.983472 -1.373400 0.000000 0.000000 0.000000 1.000000
0.999914 0.012883 -0.002612 -0.000000 -0.013145 0.980861 -0.194267 9.100000 0.000059 0.194285 0.980945 -1.373400 0.000000 0.000000 0.000000 1.000000
0.999795 0.015811 0.012674 -0.000000 -0.012497 0.973459 -0.228521 9.100000 -0.015951 0.228316 0.973456 -1.373400 0.000000 0.000000 0.000000 1.000000
0.999733 0.015609 0.017058 0.000000 -0.010419 0.962713 -0.270323 9.100000 -0.020642 0.270073 0.962618 -1.373400 0.000000 0.000000 0.000000 1.000000
0.999742 0.002290 0.022616 -0.000000 0.004984 0.948627 -0.316356 9.100000 -0.022178 0.316387 0.948371 -1.373400 0.000000 0.000000 0.000000 1.000000
0.999330 -0.014946 0.033418 0.000000 0.026102 0.930959 -0.364189 9.100000 -0.025667 0.364817 0.930725 -1.373400 0.000000 0.000000 0.000000 1.000000
0.998648 -0.031689 0.041211 -0.000000 0.045492 0.916374 -0.397730 9.100000 -0.025161 0.399067 0.916576 -1.373400 0.000000 0.000000 0.000000 1.000000
0.997459 -0.048185 0.052479 0.000000 0.065915 0.903690 -0.423083 9.100000 -0.027038 0.425467 0.904570 -1.373400 0.000000 0.000000 0.000000 1.000000
0.996106 -0.058012 0.066383 0.000000 0.081482 0.893295 -0.442023 9.100000 -0.033657 0.445711 0.894544 -1.373400 0.000000 0.000000 0.000000 1.000000
0.995252 -0.061088 0.075778 0.000000 0.088352 0.893646 -0.439990 9.100000 -0.040841 0.444596 0.894800 -1.373400 0.000000 0.000000 0.000000 1.000000
0.994409 -0.061930 0.085533 -0.000000 0.092426 0.902191 -0.421318 9.100000 -0.051075 0.426867 0.902871 -1.373400 0.000000 0.000000 0.000000 1.000000
0.994134 -0.053874 0.093784 -0.000000 0.086948 0.913800 -0.396748 9.100000 -0.064325 0.402575 0.913124 -1.373400 0.000000 0.000000 0.000000 1.000000
0.994131 -0.041140 0.100058 0.000000 0.075356 0.926932 -0.367585 9.100000 -0.077624 0.372967 0.924592 -1.373400 0.000000 0.000000 0.000000 1.000000
0.993664 -0.029131 0.108552 0.000000 0.064471 0.938861 -0.338208 9.100000 -0.092063 0.343063 0.934790 -1.373400 0.000000 0.000000 0.000000 1.000000
0.992720 -0.015554 0.119436 0.000000 0.052565 0.948155 -0.313432 9.100000 -0.108369 0.317428 0.942070 -1.373400 0.000000 0.000000 0.000000 1.000000
0.991425 -0.001790 0.130665 -0.000000 0.039943 0.956204 -0.289963 9.100000 -0.124423 0.292696 0.948076 -1.373400 0.000000 0.000000 0.000000 1.000000
0.990145 0.010307 0.139665 0.000000 0.027250 0.964047 -0.264330 9.100000 -0.137368 0.265531 0.954266 -1.373400 0.000000 0.000000 0.000000 1.000000
0.988862 0.021985 0.147206 0.000000 0.014211 0.970566 -0.240415 9.100000 -0.148158 0.239829 0.959443 -1.373400 0.000000 0.000000 0.000000 1.000000
0.987733 0.031882 0.152861 -0.000000 0.003399 0.974313 -0.225174 9.100000 -0.156114 0.222932 0.962253 -1.373400 0.000000 0.000000 0.000000 1.000000
0.987059 0.039018 0.155539 0.000000 -0.004286 0.976018 -0.217646 9.100000 -0.160301 0.214163 0.963555 -1.373400 0.000000 0.000000 0.000000 1.000000
0.986674 0.044385 0.156539 0.000000 -0.010050 0.976861 -0.213638 9.100000 -0.162399 0.209218 0.964290 -1.373400 0.000000 0.000000 0.000000 1.000000
0.986401 0.048605 0.157008 0.000000 -0.014809 0.977670 -0.209622 9.100000 -0.163691 0.204446 0.965094 -1.373400 0.000000 0.000000 0.000000 1.000000
0.986196 0.051611 0.157336 0.000000 -0.018335 0.978377 -0.206017 9.100000 -0.164566 0.200288 0.965817 -1.373400 0.000000 0.000000 0.000000 1.000000
0.986106 0.053162 0.157380 -0.000000 -0.020222 0.978779 -0.203920 9.100000 -0.164881 0.197904 0.966255 -1.373400 0.000000 0.000000 0.000000 1.000000
0.986177 0.053091 0.156961 0.000000 -0.020456 0.979041 -0.202631 9.100000 -0.164429 0.196620 0.966594 -1.373400 0.000000 0.000000 0.000000 1.000000</float_array><technique_common><accessor source="#mixamorig_Spine2-Matrix-animation-output-transform-array" count="33" stride="16"><param type="float4x4"/></accessor></technique_common></source><source id="mixamorig_Spine2-Interpolations"><Name_array id="mixamorig_Spine2-Interpolations-array" count="33">
 LINEAR LINEAR LINEAR LINEAR LINEAR LINEAR LINEAR LINEAR LINEAR LINEAR LINEAR
LINEAR LINEAR LINEAR LINEAR LINEAR LINEAR LINEAR LINEAR LINEAR LINEAR LINEAR LINEAR
LINEAR LINEAR LINEAR LINEAR LINEAR LINEAR LINEAR LINEAR LINEAR LINEAR</Name_array><technique_common><accessor source="#mixamorig_Spine2-Interpolations-array" count="33"><param type="name"/></accessor></technique_common></source><sampler id="mixamorig_Spine2-Matrix-animation-transform"><input semantic="INPUT" source="#mixamorig_Spine2-Matrix-animation-input"/><input semantic="OUTPUT" source="#mixamorig_Spine2-Matrix-animation-output-transform"/><input semantic="INTERPOLATION" source="#mixamorig_Spine2-Interpolations"/></sampler><channel source="#mixamorig_Spine2-Matrix-animation-transform" target="mixamorig_Spine2/matrix"/></animation>
    <animation id="mixamorig_Neck-anim" name="mixamorig_Neck"><source id="mixamorig_Neck-Matrix-animation-input"><float_array id="mixamorig_Neck-Matrix-animation-input-array" count="33">

0.000000 0.033333 0.066667 0.100000 0.133333 0.166667 0.200000 0.233333 0.266667 0.300000 0.333333 0.366667 0.400000 0.433333 0.466667 0.500000
0.533333 0.566667 0.600000 0.633333 0.666667 0.700000 0.733333 0.766667 0.800000 0.833333 0.866667 0.900000 0.933333 0.966667 1.000000 1.033333
1.066667</float_array><technique_common><accessor source="#mixamorig_Neck-Matrix-animation-input-array" count="33"><param name="TIME" type="float"/></accessor></technique_common></source><source id="mixamorig_Neck-Matrix-animation-output-transform"><float_array id="mixamorig_Neck-Matrix-animation-output-transform-array" count="528">

0.990538 0.113187 0.077608 -0.000000 -0.110959 0.993295 -0.032457 16.671700 -0.080761 0.023538 0.996455 -2.516200 0.000000 0.000000 0.000000 1.000000
0.988507 0.125015 0.084999 0.000000 -0.123741 0.992111 -0.020110 16.671700 -0.086842 0.009361 0.996178 -2.516200 0.000000 0.000000 0.000000 1.000000
0.989344 0.116420 0.087438 -0.000000 -0.116591 0.993175 -0.003174 16.671700 -0.087210 -0.007054 0.996165 -2.516200 0.000000 0.000000 0.000000 1.000000
0.990607 0.103072 0.089858 0.000000 -0.105025 0.994319 0.017277 16.671700 -0.087567 -0.026552 0.995805 -2.516200 0.000000 0.000000 0.000000 1.000000
0.990866 0.096324 0.094372 -0.000000 -0.100025 0.994359 0.035293 16.671700 -0.090440 -0.044410 0.994911 -2.516200 0.000000 0.000000 0.000000 1.000000
0.991499 0.089221 0.094706 -0.000000 -0.094241 0.994298 0.049911 16.671700 -0.089713 -0.058412 0.994253 -2.516200 0.000000 0.000000 0.000000 1.000000
0.994240 0.067827 0.082987 -0.000000 -0.073218 0.995277 0.063747 16.671700 -0.078272 -0.069456 0.994510 -2.516200 0.000000 0.000000 0.000000 1.000000
0.997485 0.037795 0.059960 -0.000000 -0.042569 0.995849 0.080455 16.671700 -0.056671 -0.082805 0.994953 -2.516200 0.000000 0.000000 0.000000 1.000000
0.999117 0.024434 0.034167 0.000000 -0.028058 0.993540 0.109956 16.671700 -0.031260 -0.110817 0.993349 -2.516200 0.000000 0.000000 0.000000 1.000000
0.999191 0.038254 0.012388 0.000000 -0.039799 0.984826 0.168921 16.671700 -0.005738 -0.169277 0.985552 -2.516200 0.000000 0.000000 0.000000 1.000000
0.997983 0.063377 -0.003714 0.000000 -0.060403 0.965902 0.251764 16.671700 0.019544 -0.251032 0.967782 -2.516200 0.000000 0.000000 0.000000 1.000000
0.997253 0.071541 -0.019195 0.000000 -0.061054 0.940641 0.333866 16.671700 0.041941 -0.331777 0.942425 -2.516200 0.000000 0.000000 0.000000 1.000000
0.997659 0.054677 -0.041069 0.000000 -0.034320 0.919803 0.390876 16.671700 0.059147 -0.388552 0.919527 -2.516200 0.000000 0.000000 0.000000 1.000000
0.997084 0.033417 -0.068608 0.000000 -0.002115 0.910783 0.412881 16.671700 0.076284 -0.411532 0.908197 -2.516200 0.000000 0.000000 0.000000 1.000000
0.994988 0.028200 -0.095939 -0.000000 0.013398 0.913169 0.407360 16.671700 0.099096 -0.406604 0.908214 -2.516200 0.000000 0.000000 0.000000 1.000000
0.991869 0.035400 -0.122244 0.000000 0.014914 0.921585 0.387891 16.671700 0.126390 -0.386560 0.913563 -2.516200 0.000000 0.000000 0.000000 1.000000
0.988078 0.040205 -0.148614 0.000000 0.015772 0.933787 0.357483 16.671700 0.153146 -0.355565 0.922019 -2.516200 0.000000 0.000000 0.000000 1.000000
0.984912 0.037010 -0.169049 0.000000 0.017674 0.950244 0.311005 16.671700 0.172148 -0.309301 0.935253 -2.516200 0.000000 0.000000 0.000000 1.000000
0.984250 0.028957 -0.174393 -0.000000 0.015700 0.968277 0.249387 16.671700 0.176082 -0.248197 0.952572 -2.516200 0.000000 0.000000 0.000000 1.000000
0.986386 0.020560 -0.163156 0.000000 0.010092 0.982715 0.184851 16.671700 0.164136 -0.183981 0.969129 -2.516200 0.000000 0.000000 0.000000 1.000000
0.989496 0.014149 -0.143868 -0.000000 0.004797 0.991437 0.130501 16.671700 0.144482 -0.129821 0.980954 -2.516200 0.000000 0.000000 0.000000 1.000000
0.992008 0.009922 -0.125782 0.000000 0.002058 0.995498 0.094762 16.671700 0.126156 -0.094263 0.987522 -2.516200 0.000000 0.000000 0.000000 1.000000
0.993886 0.006149 -0.110239 0.000000 0.002545 0.996907 0.078553 16.671700 0.110381 -0.078353 0.990796 -2.516200 0.000000 0.000000 0.000000 1.000000
0.995653 0.002109 -0.093113 0.000000 0.005149 0.996968 0.077639 16.671700 0.092995 -0.077781 0.992624 -2.516200 0.000000 0.000000 0.000000 1.000000
0.997312 -0.001014 -0.073267 0.000000 0.007343 0.996254 0.086162 16.671700 0.072905 -0.086468 0.993583 -2.516200 0.000000 0.000000 0.000000 1.000000
0.998489 -0.002438 -0.054901 0.000000 0.007747 0.995283 0.096707 16.671700 0.054407 -0.096987 0.993798 -2.516200 0.000000 0.000000 0.000000 1.000000
0.999099 -0.002598 -0.042364 0.000000 0.006905 0.994777 0.101839 16.671700 0.041878 -0.102040 0.993898 -2.516200 0.000000 0.000000 0.000000 1.000000
0.999364 -0.002144 -0.035596 0.000000 0.005664 0.995061 0.099107 16.671700 0.035208 -0.099246 0.994440 -2.516200 0.000000 0.000000 0.000000 1.000000
0.999503 -0.001512 -0.031483 -0.000000 0.004412 0.995726 0.092255 16.671700 0.031209 -0.092348 0.995238 -2.516200 0.000000 0.000000 0.000000 1.000000
0.999612 -0.001063 -0.027820 0.000000 0.003450 0.996298 0.085896 16.671700 0.027625 -0.085958 0.995916 -2.516200 0.000000 0.000000 0.000000 1.000000
0.999694 -0.001081 -0.024694 -0.000000 0.003082 0.996697 0.081152 16.671700 0.024525 -0.081203 0.996396 -2.516200 0.000000 0.000000 0.000000 1.000000
0.999737 -0.001805 -0.022862 0.000000 0.003572 0.996985 0.077506 16.671700 0.022653 -0.077567 0.996730 -2.516200 0.000000 0.000000 0.000000 1.000000
0.999743 -0.003438 -0.022413 -0.000000 0.005113 0.997160 0.075132 16.671700 0.022091 -0.075228 0.996922 -2.516200 0.000000 0.000000 0.000000 1.000000</float_array><technique_common><accessor source="#mixamorig_Neck-Matrix-animation-output-transform-array" count="33" stride="16"><param type="float4x4"/></accessor></technique_common></source><source id="mixamorig_Neck-Interpolations"><Name_array id="mixamorig_Neck-Interpolations-array" count="33">
 LINEAR LINEAR LINEAR LINEAR LINEAR LINEAR LINEAR LINEAR LINEAR LINEAR LINEAR
LINEAR LINEAR LINEAR LINEAR LINEAR LINEAR LINEAR LINEAR LINEAR LINEAR LINEAR LINEAR
LINEAR LINEAR LINEAR LINEAR LINEAR LINEAR LINEAR LINEAR LINEAR LINEAR</Name_array><technique_common><accessor source="#mixamorig_Neck-Interpolations-array" count="33"><param type="name"/></accessor></technique_common></source><sampler id="mixamorig_Neck-Matrix-animation-transform"><input semantic="INPUT" source="#mixamorig_Neck-Matrix-animation-input"/><input semantic="OUTPUT" source="#mixamorig_Neck-Matrix-animation-output-transform"/><input semantic="INTERPOLATION" source="#mixamorig_Neck-Interpolations"/></sampler><channel source="#mixamorig_Neck-Matrix-animation-transform" target="mixamorig_Neck/matrix"/></animation>
    <animation id="mixamorig_Head-anim" name="mixamorig_Head"><source id="mixamorig_Head-Matrix-animation-input"><float_array id="mixamorig_Head-Matrix-animation-input-array" count="33">

0.000000 0.033333 0.066667 0.100000 0.133333 0.166667 0.200000 0.233333 0.266667 0.300000 0.333333 0.366667 0.400000 0.433333 0.466667 0.500000
0.533333 0.566667 0.600000 0.633333 0.666667 0.700000 0.733333 0.766667 0.800000 0.833333 0.866667 0.900000 0.933333 0.966667 1.000000 1.033333
1.066667</float_array><technique_common><accessor source="#mixamorig_Head-Matrix-animation-input-array" count="33"><param name="TIME" type="float"/></accessor></technique_common></source><source id="mixamorig_Head-Matrix-animation-output-transform"><float_array id="mixamorig_Head-Matrix-animation-output-transform-array" count="528">

0.991466 -0.026911 0.127560 0.000000 0.031816 0.998824 -0.036572 9.617900 -0.126426 0.040319 0.991156 1.685000 0.000000 0.000000 0.000000 1.000000
0.988986 -0.045308 0.140903 0.000000 0.052663 0.997414 -0.048910 9.617900 -0.138322 0.055792 0.988815 1.685000 0.000000 0.000000 0.000000 1.000000
0.986349 -0.036368 0.160602 -0.000000 0.045329 0.997592 -0.052489 9.617900 -0.158306 0.059052 0.985623 1.685000 0.000000 0.000000 0.000000 1.000000
0.982658 -0.014862 0.184830 -0.000000 0.028343 0.997108 -0.070513 9.617900 -0.183248 0.074529 0.980238 1.685000 0.000000 0.000000 0.000000 1.000000
0.977328 0.003083 0.211709 0.000000 0.022536 0.992699 -0.118490 9.617900 -0.210529 0.120575 0.970123 1.685000 0.000000 0.000000 0.000000 1.000000
0.972664 0.007924 0.232080 0.000000 0.038585 0.980010 -0.195172 9.617900 -0.228987 0.198791 0.952915 1.685000 0.000000 0.000000 0.000000 1.000000
0.971277 0.000521 0.237950 0.000000 0.068989 0.956430 -0.283694 9.617900 -0.227731 0.291961 0.928923 1.685000 0.000000 0.000000 0.000000 1.000000
0.973896 -0.020894 0.226033 0.000000 0.102447 0.929033 -0.355531 9.617900 -0.202564 0.369407 0.906922 1.685000 0.000000 0.000000 0.000000 1.000000
0.980873 -0.057344 0.186009 0.000000 0.124416 0.919627 -0.372568 9.617900 -0.149695 0.388585 0.909172 1.685000 0.000000 0.000000 0.000000 1.000000
0.991710 -0.075679 0.103845 -0.000000 0.102974 0.951478 -0.289975 9.617900 -0.076861 0.298264 0.951384 1.685000 0.000000 0.000000 0.000000 1.000000
0.998753 -0.049593 -0.005760 -0.000000 0.048924 0.995174 -0.085059 9.617900 0.009951 0.084671 0.996359 1.685000 0.000000 0.000000 0.000000 1.000000
0.995900 0.009500 -0.089961 -0.000000 0.007102 0.983190 0.182449 9.617900 0.090182 -0.182340 0.979091 1.685000 0.000000 0.000000 0.000000 1.000000
0.992087 0.063019 -0.108591 0.000000 -0.016342 0.922362 0.385980 9.617900 0.124485 -0.381151 0.916094 1.685000 0.000000 0.000000 0.000000 1.000000
0.993078 0.086647 -0.079297 0.000000 -0.039019 0.880155 0.473080 9.617900 0.110784 -0.466711 0.877444 1.685000 0.000000 0.000000 0.000000 1.000000
0.995246 0.086842 -0.044094 0.000000 -0.055508 0.877764 0.475867 9.617900 0.080029 -0.471157 0.878411 1.685000 0.000000 0.000000 0.000000 1.000000
0.996524 0.080659 -0.020850 0.000000 -0.063272 0.895559 0.440422 9.617900 0.054196 -0.437571 0.897549 1.685000 0.000000 0.000000 0.000000 1.000000
0.997153 0.075366 -0.002404 0.000000 -0.068217 0.915232 0.397112 9.617900 0.032129 -0.395817 0.917767 1.685000 0.000000 0.000000 0.000000 1.000000
0.997231 0.071022 0.022060 -0.000000 -0.074217 0.931418 0.356305 9.617900 0.004758 -0.356955 0.934109 1.685000 0.000000 0.000000 0.000000 1.000000
0.995971 0.068108 0.058329 0.000000 -0.082858 0.947696 0.308231 9.617900 -0.034285 -0.311822 0.949522 1.685000 0.000000 0.000000 0.000000 1.000000
0.992248 0.064895 0.105988 -0.000000 -0.089240 0.965601 0.244236 9.617900 -0.086492 -0.251801 0.963906 1.685000 0.000000 0.000000 0.000000 1.000000
0.985905 0.060618 0.155938 0.000000 -0.088348 0.980135 0.177566 9.617900 -0.142077 -0.188840 0.971676 1.685000 0.000000 0.000000 0.000000 1.000000
0.978748 0.055354 0.197454 0.000000 -0.082784 0.987587 0.133488 9.617900 -0.187614 -0.146997 0.971181 1.685000 0.000000 0.000000 0.000000 1.000000
0.971997 0.048697 0.229894 -0.000000 -0.077958 0.989713 0.119965 9.617900 -0.221687 -0.134527 0.965794 1.685000 0.000000 0.000000 0.000000 1.000000
0.964713 0.039803 0.260277 0.000000 -0.074616 0.989312 0.125273 9.617900 -0.252509 -0.140274 0.957373 1.685000 0.000000 0.000000 0.000000 1.000000
0.956261 0.029521 0.291020 0.000000 -0.071936 0.988074 0.136146 9.617900 -0.283530 -0.151126 0.946980 1.685000 0.000000 0.000000 0.000000 1.000000
0.948275 0.020508 0.316786 0.000000 -0.069865 0.986926 0.145246 9.617900 -0.309665 -0.159866 0.937310 1.685000 0.000000 0.000000 0.000000 1.000000
0.943051 0.014433 0.332335 0.000000 -0.067177 0.986738 0.147770 9.617900 -0.325795 -0.161679 0.931514 1.685000 0.000000 0.000000 0.000000 1.000000
0.940807 0.010540 0.338780 0.000000 -0.062267 0.987880 0.142185 9.617900 -0.333175 -0.154863 0.930060 1.685000 0.000000 0.000000 0.000000 1.000000
0.939905 0.007577 0.341351 -0.000000 -0.055881 0.989687 0.131899 9.617900 -0.336832 -0.143047 0.930635 1.685000 0.000000 0.000000 0.000000 1.000000
0.939057 0.005373 0.343719 0.000000 -0.050152 0.991321 0.121522 9.617900 -0.340083 -0.131354 0.931177 1.685000 0.000000 0.000000 0.000000 1.000000
0.938180 0.004269 0.346123 -0.000000 -0.046212 0.992518 0.113019 9.617900 -0.343050 -0.122027 0.931357 1.685000 0.000000 0.000000 0.000000 1.000000
