<?xml version="1.0" encoding="utf-8"?>
<COLLADA xmlns="http://www.collada.org/2005/11/COLLADASchema" version="1.4.1">
  <asset><contributor><author>Mixamo</author><authoring_tool>COLLADA Mixamo exporter</authoring_tool><comments></comments></contributor><created>2019-03-19T12:34:38Z</created><modified>2019-03-19T12:34:38Z</modified><revision></revision><title></title><unit meter="0.010000"/><up_axis>Y_UP</up_axis></asset>
  <library_animations>
    <animation id="mixamorig_Hips-anim" name="mixamorig_Hips"><source id="mixamorig_Hips-Matrix-animation-input"><float_array id="mixamorig_Hips-Matrix-animation-input-array" count="7">

0.000000 0.033333 0.066667 0.100000 0.133333 0.166667 0.200000</float_array><technique_common><accessor source="#mixamorig_Hips-Matrix-animation-input-array" count="7"><param name="TIME" type="float"/></accessor></technique_common></source><source id="mixamorig_Hips-Matrix-animation-output-transform"><float_array id="mixamorig_Hips-Matrix-animation-output-transform-array" count="112">

0.478413 -0.115826 -0.870463 -1.286033 -0.009743 0.990502 -0.137153 91.105743 0.878081 0.074096 0.472741 0.690675 0.000000 0.000000 0.000000 1.000000
0.486016 -0.123710 -0.865150 -1.365094 -0.017823 0.988322 -0.151335 91.035950 0.873768 0.088971 0.478135 0.733705 0.000000 0.000000 0.000000 1.000000
0.521449 -0.104292 -0.846885 -0.890682 -0.000741 0.992447 -0.122674 91.012718 0.853282 0.064596 0.517434 0.719286 0.000000 0.000000 0.000000 1.000000
0.511220 -0.085152 -0.855221 -0.653933 0.014253 0.995783 -0.090627 91.213936 0.859332 0.034141 0.510278 0.572240 0.000000 0.000000 0.000000 1.000000
0.499164 -0.091892 -0.861621 -0.752054 0.008354 0.994825 -0.101258 91.322311 0.866467 0.043346 0.497349 0.607507 0.000000 0.000000 0.000000 1.000000
0.486015 -0.103121 -0.867845 -1.001221 0.000479 0.993046 -0.117730 91.285324 0.873950 0.056802 0.482684 0.645238 0.000000 0.000000 0.000000 1.000000
0.478413 -0.115826 -0.870463 -1.286034 -0.009743 0.990502 -0.137153 91.105743 0.878081 0.074096 0.472741 0.690675 0.000000 0.000000 0.000000 1.000000</float_array><technique_common><accessor source="#mixamorig_Hips-Matrix-animation-output-transform-array" count="7" stride="16"><param type="float4x4"/></accessor></technique_common></source><source id="mixamorig_Hips-Interpolations"><Name_array id="mixamorig_Hips-Interpolations-array" count="7">
 LINEAR LINEAR LINEAR LINEAR LINEAR LINEAR LINEAR</Name_array><technique_common><accessor source="#mixamorig_Hips-Interpolations-array" count="7"><param type="name"/></accessor></technique_common></source><sampler id="mixamorig_Hips-Matrix-animation-transform"><input semantic="INPUT" source="#mixamorig_Hips-Matrix-animation-input"/><input semantic="OUTPUT" source="#mixamorig_Hips-Matrix-animation-output-transform"/><input semantic="INTERPOLATION" source="#mixamorig_Hips-Interpolations"/></sampler><channel source="#mixamorig_Hips-Matrix-animation-transform" target="mixamorig_Hips/matrix"/></animation>
    <animation id="mixamorig_Spine-anim" name="mixamorig_Spine"><source id="mixamorig_Spine-Matrix-animation-input"><float_array id="mixamorig_Spine-Matrix-animation-input-array" count="7">

0.000000 0.033333 0.066667 0.100000 0.133333 0.166667 0.200000</float_array><technique_common><accessor source="#mixamorig_Spine-Matrix-animation-input-array" count="7"><param name="TIME" type="float"/></accessor></technique_common></source><source id="mixamorig_Spine-Matrix-animation-output-transform"><float_array id="mixamorig_Spine-Matrix-animation-output-transform-array" count="112">

0.998394 -0.000063 0.056659 -0.000000 0.000808 0.999913 -0.013134 10.181600 -0.056653 0.013158 0.998307 0.131500 0.000000 0.000000 0.000000 1.000000
0.998250 -0.006023 0.058834 -0.000000 0.006324 0.999968 -0.004940 10.181600 -0.058802 0.005303 0.998256 0.131500 0.000000 0.000000 0.000000 1.000000
0.998703 0.004159 0.050741 -0.000000 -0.003095 0.999774 -0.021025 10.181600 -0.050817 0.020840 0.998490 0.131500 0.000000 0.000000 0.000000 1.000000
0.998664 0.016111 0.049098 0.000000 -0.014075 0.999038 -0.041525 10.181600 -0.049720 0.040779 0.997930 0.131500 0.000000 0.000000 0.000000 1.000000
0.998709 0.011599 0.049461 0.000000 -0.010031 0.999443 -0.031844 10.181600 -0.049802 0.031307 0.998268 0.131500 0.000000 0.000000 0.000000 1.000000
0.998582 0.006354 0.052848 0.000000 -0.005156 0.999727 -0.022770 10.181600 -0.052978 0.022465 0.998343 0.131500 0.000000 0.000000 0.000000 1.000000
0.998394 -0.000063 0.056659 -0.000000 0.000808 0.999913 -0.013133 10.181600 -0.056653 0.013158 0.998307 0.131500 0.000000 0.000000 0.000000 1.000000</float_array><technique_common><accessor source="#mixamorig_Spine-Matrix-animation-output-transform-array" count="7" stride="16"><param type="float4x4"/></accessor></technique_common></source><source id="mixamorig_Spine-Interpolations"><Name_array id="mixamorig_Spine-Interpolations-array" count="7">
 LINEAR LINEAR LINEAR LINEAR LINEAR LINEAR LINEAR</Name_array><technique_common><accessor source="#mixamorig_Spine-Interpolations-array" count="7"><param type="name"/></accessor></technique_common></source><sampler id="mixamorig_Spine-Matrix-animation-transform"><input semantic="INPUT" source="#mixamorig_Spine-Matrix-animation-input"/><input semantic="OUTPUT" source="#mixamorig_Spine-Matrix-animation-output-transform"/><input semantic="INTERPOLATION" source="#mixamorig_Spine-Interpolations"/></sampler><channel source="#mixamorig_Spine-Matrix-animation-transform" target="mixamorig_Spine/matrix"/></animation>
    <animation id="mixamorig_Spine1-anim" name="mixamorig_Spine1"><source id="mixamorig_Spine1-Matrix-animation-input"><float_array id="mixamorig_Spine1-Matrix-animation-input-array" count="7">

0.000000 0.033333 0.066667 0.100000 0.133333 0.166667 0.200000</float_array><technique_common><accessor source="#mixamorig_Spine1-Matrix-animation-input-array" count="7"><param name="TIME" type="float"/></accessor></technique_common></source><source id="mixamorig_Spine1-Matrix-animation-output-transform"><float_array id="mixamorig_Spine1-Matrix-animation-output-transform-array" count="112">

0.996520 -0.002423 0.083324 0.000000 0.002999 0.999972 -0.006788 10.083500 -0.083305 0.007014 0.996499 -1.000800 0.000000 0.000000 0.000000 1.000000
0.996287 -0.003968 0.086004 -0.000000 0.004141 0.999990 -0.001843 10.083500 -0.085996 0.002193 0.996293 -1.000800 0.000000 0.000000 0.000000 1.000000
0.997224 0.000857 0.074458 -0.000000 -0.000378 0.999979 -0.006450 10.083500 -0.074462 0.006404 0.997203 -1.000800 0.000000 0.000000 0.000000 1.000000
0.997295 0.004553 0.073367 0.000000 -0.003218 0.999827 -0.018303 10.083500 -0.073438 0.018018 0.997137 -1.000800 0.000000 0.000000 0.000000 1.000000
0.997308 0.002001 0.073305 0.000000 -0.000923 0.999891 -0.014730 10.083500 -0.073326 0.014623 0.997201 -1.000800 0.000000 0.000000 0.000000 1.000000
0.996954 -0.000120 0.077987 0.000000 0.001051 0.999929 -0.011887 10.083500 -0.077980 0.011933 0.996884 -1.000800 0.000000 0.000000 0.000000 1.000000
0.996520 -0.002423 0.083324 0.000000 0.002999 0.999972 -0.006788 10.083500 -0.083305 0.007014 0.996499 -1.000800 0.000000 0.000000 0.000000 1.000000</float_array><technique_common><accessor source="#mixamorig_Spine1-Matrix-animation-output-transform-array" count="7" stride="16"><param type="float4x4"/></accessor></technique_common></source><source id="mixamorig_Spine1-Interpolations"><Name_array id="mixamorig_Spine1-Interpolations-array" count="7">
 LINEAR LINEAR LINEAR LINEAR LINEAR LINEAR LINEAR</Name_array><technique_common><accessor source="#mixamorig_Spine1-Interpolations-array" count="7"><param type="name"/></accessor></technique_common></source><sampler id="mixamorig_Spine1-Matrix-animation-transform"><input semantic="INPUT" source="#mixamorig_Spine1-Matrix-animation-input"/><input semantic="OUTPUT" source="#mixamorig_Spine1-Matrix-animation-output-transform"/><input semantic="INTERPOLATION" source="#mixamorig_Spine1-Interpolations"/></sampler><channel source="#mixamorig_Spine1-Matrix-animation-transform" target="mixamorig_Spine1/matrix"/></animation>
    <animation id="mixamorig_Spine2-anim" name="mixamorig_Spine2"><source id="mixamorig_Spine2-Matrix-animation-input"><float_array id="mixamorig_Spine2-Matrix-animation-input-array" count="7">

0.000000 0.033333 0.066667 0.100000 0.133333 0.166667 0.200000</float_array><technique_common><accessor source="#mixamorig_Spine2-Matrix-animation-input-array" count="7"><param name="TIME" type="float"/></accessor></technique_common></source><source id="mixamorig_Spine2-Matrix-animation-output-transform"><float_array id="mixamorig_Spine2-Matrix-animation-output-transform-array" count="112">

0.996508 -0.000190 0.083500 0.000000 0.000628 0.999986 -0.005226 9.100000 -0.083498 0.005260 0.996494 -1.373400 0.000000 0.000000 0.000000 1.000000
0.996282 -0.001081 0.086141 -0.000000 0.001065 0.999999 0.000233 9.100000 -0.086141 -0.000141 0.996283 -1.373400 0.000000 0.000000 0.000000 1.000000
0.997225 0.002590 0.074404 0.000000 -0.002242 0.999986 -0.004757 9.100000 -0.074415 0.004577 0.997217 -1.373400 0.000000 0.000000 0.000000 1.000000
0.997284 0.005701 0.073436 -0.000000 -0.004453 0.999843 -0.017139 9.100000 -0.073522 0.016765 0.997153 -1.373400 0.000000 0.000000 0.000000 1.000000
0.997302 0.002635 0.073363 0.000000 -0.001625 0.999903 -0.013831 9.100000 -0.073393 0.013674 0.997209 -1.373400 0.000000 0.000000 0.000000 1.000000
0.996944 0.001139 0.078107 0.000000 -0.000294 0.999941 -0.010830 9.100000 -0.078114 0.010774 0.996886 -1.373400 0.000000 0.000000 0.000000 1.000000
0.996508 -0.000190 0.083500 0.000000 0.000628 0.999986 -0.005226 9.100000 -0.083498 0.005260 0.996494 -1.373400 0.000000 0.000000 0.000000 1.000000</float_array><technique_common><accessor source="#mixamorig_Spine2-Matrix-animation-output-transform-array" count="7" stride="16"><param type="float4x4"/></accessor></technique_common></source><source id="mixamorig_Spine2-Interpolations"><Name_array id="mixamorig_Spine2-Interpolations-array" count="7">
 LINEAR LINEAR LINEAR LINEAR LINEAR LINEAR LINEAR</Name_array><technique_common><accessor source="#mixamorig_Spine2-Interpolations-array" count="7"><param type="name"/></accessor></technique_common></source><sampler id="mixamorig_Spine2-Matrix-animation-transform"><input semantic="INPUT" source="#mixamorig_Spine2-Matrix-animation-input"/><input semantic="OUTPUT" source="#mixamorig_Spine2-Matrix-animation-output-transform"/><input semantic="INTERPOLATION" source="#mixamorig_Spine2-Interpolations"/></sampler><channel source="#mixamorig_Spine2-Matrix-animation-transform" target="mixamorig_Spine2/matrix"/></animation>
    <animation id="mixamorig_Neck-anim" name="mixamorig_Neck"><source id="mixamorig_Neck-Matrix-animation-input"><float_array id="mixamorig_Neck-Matrix-animation-input-array" count="7">

0.000000 0.033333 0.066667 0.100000 0.133333 0.166667 0.200000</float_array><technique_common><accessor source="#mixamorig_Neck-Matrix-animation-input-array" count="7"><param name="TIME" type="float"/></accessor></technique_common></source><source id="mixamorig_Neck-Matrix-animation-output-transform"><float_array id="mixamorig_Neck-Matrix-animation-output-transform-array" count="112">

0.992002 -0.070317 0.104821 0.000000 0.093788 0.966408 -0.239291 16.671700 -0.084474 0.247208 0.965273 -2.516200 0.000000 0.000000 0.000000 1.000000
0.991381 -0.074577 0.107708 0.000000 0.097894 0.968073 -0.230762 16.671700 -0.087060 0.239317 0.967030 -2.516200 0.000000 0.000000 0.000000 1.000000
0.988750 -0.111454 0.099753 -0.000000 0.129800 0.970754 -0.201960 16.671700 -0.074327 0.212636 0.974300 -2.516200 0.000000 0.000000 0.000000 1.000000
0.990906 -0.093259 0.096991 0.000000 0.112571 0.969449 -0.217936 16.671700 -0.073704 0.226872 0.971132 -2.516200 0.000000 0.000000 0.000000 1.000000
0.991574 -0.085086 0.097677 0.000000 0.107025 0.962912 -0.247681 16.671700 -0.072981 0.256048 0.963905 -2.516200 0.000000 0.000000 0.000000 1.000000
0.992048 -0.075559 0.100655 0.000000 0.098406 0.964249 -0.246051 16.671700 -0.078465 0.253999 0.964016 -2.516200 0.000000 0.000000 0.000000 1.000000
0.992002 -0.070317 0.104822 0.000000 0.093788 0.966407 -0.239291 16.671700 -0.084474 0.247209 0.965273 -2.516200 0.000000 0.000000 0.000000 1.000000</float_array><technique_common><accessor source="#mixamorig_Neck-Matrix-animation-output-transform-array" count="7" stride="16"><param type="float4x4"/></accessor></technique_common></source><source id="mixamorig_Neck-Interpolations"><Name_array id="mixamorig_Neck-Interpolations-array" count="7">
 LINEAR LINEAR LINEAR LINEAR LINEAR LINEAR LINEAR</Name_array><technique_common><accessor source="#mixamorig_Neck-Interpolations-array" count="7"><param type="name"/></accessor></technique_common></source><sampler id="mixamorig_Neck-Matrix-animation-transform"><input semantic="INPUT" source="#mixamorig_Neck-Matrix-animation-input"/><input semantic="OUTPUT" source="#mixamorig_Neck-Matrix-animation-output-transform"/><input semantic="INTERPOLATION" source="#mixamorig_Neck-Interpolations"/></sampler><channel source="#mixamorig_Neck-Matrix-animation-transform" target="mixamorig_Neck/matrix"/></animation>
    <animation id="mixamorig_Head-anim" name="mixamorig_Head"><source id="mixamorig_Head-Matrix-animation-input"><float_array id="mixamorig_Head-Matrix-animation-input-array" count="7">

0.000000 0.033333 0.066667 0.100000 0.133333 0.166667 0.200000</float_array><technique_common><accessor source="#mixamorig_Head-Matrix-animation-input-array" count="7"><param name="TIME" type="float"/></accessor></technique_common></source><source id="mixamorig_Head-Matrix-animation-output-transform"><float_array id="mixamorig_Head-Matrix-animation-output-transform-array" count="112">

0.782962 0.052520 0.619848 -0.000000 -0.110144 0.992390 0.055044 9.617900 -0.612241 -0.111370 0.782789 1.685000 0.000000 0.000000 0.000000 1.000000
0.778046 0.034233 0.627273 0.000000 -0.106481 0.991252 0.077978 9.617900 -0.619117 -0.127464 0.774886 1.685000 0.000000 0.000000 0.000000 1.000000
0.784405 0.056466 0.617673 0.000000 -0.074719 0.997198 0.003727 9.617900 -0.615732 -0.049076 0.786426 1.685000 0.000000 0.000000 0.000000 1.000000
0.790612 0.088229 0.605928 -0.000000 -0.094685 0.995278 -0.021378 9.617900 -0.604953 -0.040471 0.795232 1.685000 0.000000 0.000000 0.000000 1.000000
0.791507 0.079725 0.605938 0.000000 -0.087116 0.996049 -0.017258 9.617900 -0.604919 -0.039127 0.795325 1.685000 0.000000 0.000000 0.000000 1.000000
0.788938 0.069131 0.610571 0.000000 -0.101559 0.994655 0.018609 9.617900 -0.606021 -0.076691 0.791743 1.685000 0.000000 0.000000 0.000000 1.000000
0.782962 0.052520 0.619849 0.000000 -0.110144 0.992390 0.055043 9.617900 -0.612241 -0.111370 0.782789 1.685000 0.000000 0.000000 0.000000 1.000000</float_array><technique_common><accessor source="#mixamorig_Head-Matrix-animation-output-transform-array" count="7" stride="16"><param type="float4x4"/></accessor></technique_common></source><source id="mixamorig_Head-Interpolations"><Name_array id="mixamorig_Head-Interpolations-array" count="7">
 LINEAR LINEAR LINEAR LINEAR LINEAR LINEAR LINEAR</Name_array><technique_common><accessor source="#mixamorig_Head-Interpolations-array" count="7"><param type="name"/></accessor></technique_common></source><sampler id="mixamorig_Head-Matrix-animation-transform"><input semantic="INPUT" source="#mixamorig_Head-Matrix-animation-input"/><input semantic="OUTPUT" source="#mixamorig_Head-Matrix-animation-output-transform"/><input semantic="INTERPOLATION" source="#mixamorig_Head-Interpolations"/></sampler><channel source="#mixamorig_Head-Matrix-animation-transform" target="mixamorig_Head/matrix"/></animation>
    <animation id="mixamorig_LeftShoulder-anim" name="mixamorig_LeftShoulder"><source id="mixamorig_LeftShoulder-Matrix-animation-input"><float_array id="mixamorig_LeftShoulder-Matrix-animation-input-array" count="7">

0.000000 0.033333 0.066667 0.100000 0.133333 0.166667 0.200000</float_array><technique_common><accessor source="#mixamorig_LeftShoulder-Matrix-animation-input-array" count="7"><param name="TIME" type="float"/></accessor></technique_common></source><source id="mixamorig_LeftShoulder-Matrix-animation-output-transform"><float_array id="mixamorig_LeftShoulder-Matrix-animation-output-transform-array" count="112">

0.997992 -0.044002 -0.045561 4.570400 0.043655 0.999010 -0.008582 10.946000 0.045893 0.006576 0.998925 -2.628000 0.000000 0.000000 0.000000 1.000000
0.996468 -0.060531 -0.058200 4.570400 0.060055 0.998146 -0.009889 10.946000 0.058690 0.006358 0.998256 -2.628000 0.000000 0.000000 0.000000 1.000000
0.994743 -0.092999 -0.042876 4.570400 0.092744 0.995659 -0.007919 10.946000 0.043426 0.003901 0.999049 -2.628000 0.000000 0.000000 0.000000 1.000000
0.997641 -0.068213 -0.007680 4.570400 0.068184 0.997665 -0.003977 10.946000 0.007933 0.003444 0.999963 -2.628000 0.000000 0.000000 0.000000 1.000000
0.998783 -0.036546 -0.033127 4.570400 0.036321 0.999313 -0.007367 10.946000 0.033373 0.006154 0.999424 -2.628000 0.000000 0.000000 0.000000 1.000000
0.998451 -0.035453 -0.042886 4.570400 0.035126 0.999348 -0.008353 10.946000 0.043154 0.006833 0.999045 -2.628000 0.000000 0.000000 0.000000 1.000000
0.997992 -0.044002 -0.045561 4.570400 0.043655 0.999010 -0.008582 10.946000 0.045893 0.006576 0.998925 -2.628000 0.000000 0.000000 0.000000 1.000000</float_array><technique_common><accessor source="#mixamorig_LeftShoulder-Matrix-animation-output-transform-array" count="7" stride="16"><param type="float4x4"/></accessor></technique_common></source><source id="mixamorig_LeftShoulder-Interpolations"><Name_array id="mixamorig_LeftShoulder-Interpolations-array" count="7">
 LINEAR LINEAR LINEAR LINEAR LINEAR LINEAR LINEAR</Name_array><technique_common><accessor source="#mixamorig_LeftShoulder-Interpolations-array" count="7"><param type="name"/></accessor></technique_common></source><sampler id="mixamorig_LeftShoulder-Matrix-animation-transform"><input semantic="INPUT" source="#mixamorig_LeftShoulder-Matrix-animation-input"/><input semantic="OUTPUT" source="#mixamorig_LeftShoulder-Matrix-animation-output-transform"/><input semantic="INTERPOLATION" source="#mixamorig_LeftShoulder-Interpolations"/></sampler><channel source="#mixamorig_LeftShoulder-Matrix-animation-transform" target="mixamorig_LeftShoulder/matrix"/></animation>
    <animation id="mixamorig_LeftArm-anim" name="mixamorig_LeftArm"><source id="mixamorig_LeftArm-Matrix-animation-input"><float_array id="mixamorig_LeftArm-Matrix-animation-input-array" count="7">

0.000000 0.033333 0.066667 0.100000 0.133333 0.166667 0.200000</float_array><technique_common><accessor source="#mixamorig_LeftArm-Matrix-animation-input-array" count="7"><param name="TIME" type="float"/></accessor></technique_common></source><source id="mixamorig_LeftArm-Matrix-animation-output-transform"><float_array id="mixamorig_LeftArm-Matrix-animation-output-transform-array" count="112">

0.701275 0.697577 -0.146969 10.592400 -0.444591 0.589108 0.674752 -0.524600 0.557273 -0.407846 0.723263 -2.232100 0.000000 0.000000 0.000000 1.000000
0.703754 0.698256 -0.131032 10.592400 -0.457062 0.586190 0.668936 -0.524600 0.543898 -0.410876 0.731680 -2.232100 0.000000 0.000000 0.000000 1.000000
0.610724 0.778343 -0.145596 10.592400 -0.513055 0.529010 0.675961 -0.524600 0.603151 -0.338126 0.722412 -2.232100 0.000000 0.000000 0.000000 1.000000
0.619763 0.753931 -0.217904 10.592400 -0.444754 0.566187 0.693993 -0.524600 0.646597 -0.333197 0.686216 -2.232100 0.000000 0.000000 0.000000 1.000000
0.675508 0.714733 -0.181232 10.592400 -0.455098 0.597524 0.660191 -0.524600 0.580151 -0.363486 0.728905 -2.232100 0.000000 0.000000 0.000000 1.000000
0.689856 0.704432 -0.166955 10.592400 -0.451536 0.598939 0.661353 -0.524600 0.565874 -0.380852 0.731258 -2.232100 0.000000 0.000000 0.000000 1.000000
0.701275 0.697577 -0.146969 10.592400 -0.444591 0.589108 0.674752 -0.524600 0.557272 -0.407846 0.723263 -2.232100 0.000000 0.000000 0.000000 1.000000</float_array><technique_common><accessor source="#mixamorig_LeftArm-Matrix-animation-output-transform-array" count="7" stride="16"><param type="float4x4"/></accessor></technique_common></source><source id="mixamorig_LeftArm-Interpolations"><Name_array id="mixamorig_LeftArm-Interpolations-array" count="7">
 LINEAR LINEAR LINEAR LINEAR LINEAR LINEAR LINEAR</Name_array><technique_common><accessor source="#mixamorig_LeftArm-Interpolations-array" count="7"><param type="name"/></accessor></technique_common></source><sampler id="mixamorig_LeftArm-Matrix-animation-transform"><input semantic="INPUT" source="#mixamorig_LeftArm-Matrix-animation-input"/><input semantic="OUTPUT" source="#mixamorig_LeftArm-Matrix-animation-output-transform"/><input semantic="INTERPOLATION" source="#mixamorig_LeftArm-Interpolations"/></sampler><channel source="#mixamorig_LeftArm-Matrix-animation-transform" target="mixamorig_LeftArm/matrix"/></animation>
    <animation id="mixamorig_LeftForeArm-anim" name="mixamorig_LeftForeArm"><source id="mixamorig_LeftForeArm-Matrix-animation-input"><float_array id="mixamorig_LeftForeArm-Matrix-animation-input-array" count="7">

0.000000 0.033333 0.066667 0.100000 0.133333 0.166667 0.200000</float_array><technique_common><accessor source="#mixamorig_LeftForeArm-Matrix-animation-input-array" count="7"><param name="TIME" type="float"/></accessor></technique_common></source><source id="mixamorig_LeftForeArm-Matrix-animation-output-transform"><float_array id="mixamorig_LeftForeArm-Matrix-animation-output-transform-array" count="112">

0.237721 0.000004 -0.971334 27.841499 -0.000001 1.000000 0.000004 -0.000100 0.971334 -0.000000 0.237721 0.000000 0.000000 0.000000 0.000000 1.000000
0.283670 0.000003 -0.958922 27.841499 -0.000001 1.000000 0.000003 -0.000100 0.958922 -0.000000 0.283670 0.000000 0.000000 0.000000 0.000000 1.000000
0.094789 0.000003 -0.995497 27.841499 -0.000000 1.000000 0.000003 -0.000100 0.995497 0.000000 0.094789 -0.000000 0.000000 0.000000 0.000000 1.000000
0.071283 0.000003 -0.997456 27.841499 -0.000000 1.000000 0.000003 -0.000100 0.997456 -0.000000 0.071283 0.000000 0.000000 0.000000 0.000000 1.000000
0.066551 0.000007 -0.997783 27.841499 -0.000000 1.000000 0.000007 -0.000100 0.997783 -0.000000 0.066551 0.000000 0.000000 0.000000 0.000000 1.000000
0.141992 0.000004 -0.989868 27.841499 -0.000001 1.000000 0.000004 -0.000100 0.989868 0.000000 0.141992 0.000000 0.000000 0.000000 0.000000 1.000000
0.237720 0.000004 -0.971334 27.841499 -0.000001 1.000000 0.000004 -0.000100 0.971334 0.000000 0.237720 0.000000 0.000000 0.000000 0.000000 1.000000</float_array><technique_common><accessor source="#mixamorig_LeftForeArm-Matrix-animation-output-transform-array" count="7" stride="16"><param type="float4x4"/></accessor></technique_common></source><source id="mixamorig_LeftForeArm-Interpolations"><Name_array id="mixamorig_LeftForeArm-Interpolations-array" count="7">
 LINEAR LINEAR LINEAR LINEAR LINEAR LINEAR LINEAR</Name_array><technique_common><accessor source="#mixamorig_LeftForeArm-Interpolations-array" count="7"><param type="name"/></accessor></technique_common></source><sampler id="mixamorig_LeftForeArm-Matrix-animation-transform"><input semantic="INPUT" source="#mixamorig_LeftForeArm-Matrix-animation-input"/><input semantic="OUTPUT" source="#mixamorig_LeftForeArm-Matrix-animation-output-transform"/><input semantic="INTERPOLATION" source="#mixamorig_LeftForeArm-Interpolations"/></sampler><channel source="#mixamorig_LeftForeArm-Matrix-animation-transform" target="mixamorig_LeftForeArm/matrix"/></animation>
    <animation id="mixamorig_LeftHand-anim" name="mixamorig_LeftHand"><source id="mixamorig_LeftHand-Matrix-animation-input"><float_array id="mixamorig_LeftHand-Matrix-animation-input-array" count="7">

0.000000 0.033333 0.066667 0.100000 0.133333 0.166667 0.200000</float_array><technique_common><accessor source="#mixamorig_LeftHand-Matrix-animation-input-array" count="7"><param name="TIME" type="float"/></accessor></technique_common></source><source id="mixamorig_LeftHand-Matrix-animation-output-transform"><float_array id="mixamorig_LeftHand-Matrix-animation-output-transform-array" count="112">

0.914469 -0.394930 0.088187 28.328800 -0.284929 -0.473677 0.833334 -0.000000 -0.287336 -0.787185 -0.545690 0.000000 0.000000 0.000000 0.000000 1.000000
0.933910 -0.338898 0.113843 28.328800 -0.274134 -0.474434 0.836518 0.000000 -0.229483 -0.812441 -0.535982 -0.000000 0.000000 0.000000 0.000000 1.000000
0.909798 -0.412520 0.045770 28.328800 -0.238743 -0.429929 0.870726 -0.000000 -0.339514 -0.803111 -0.489635 -0.000000 0.000000 0.000000 0.000000 1.000000
0.868499 -0.492489 0.056254 28.328800 -0.308116 -0.447462 0.839549 0.000000 -0.388297 -0.746480 -0.540364 -0.000000 0.000000 0.000000 0.000000 1.000000
0.868355 -0.495340 0.024469 28.328800 -0.273384 -0.436924 0.856947 0.000000 -0.413789 -0.750824 -0.514823 0.000000 0.000000 0.000000 0.000000 1.000000
0.895665 -0.444398 0.017169 28.328800 -0.246528 -0.463994 0.850843 0.000000 -0.370146 -0.766303 -0.525139 0.000000 0.000000 0.000000 0.000000 1.000000
0.914469 -0.394930 0.088187 28.328800 -0.284928 -0.473677 0.833334 0.000000 -0.287336 -0.787185 -0.545690 0.000000 0.000000 0.000000 0.000000 1.000000</float_array><technique_common><accessor source="#mixamorig_LeftHand-Matrix-animation-output-transform-array" count="7" stride="16"><param type="float4x4"/></accessor></technique_common></source><source id="mixamorig_LeftHand-Interpolations"><Name_array id="mixamorig_LeftHand-Interpolations-array" count="7">
 LINEAR LINEAR LINEAR LINEAR LINEAR LINEAR LINEAR</Name_array><technique_common><accessor source="#mixamorig_LeftHand-Interpolations-array" count="7"><param type="name"/></accessor></technique_common></source><sampler id="mixamorig_LeftHand-Matrix-animation-transform"><input semantic="INPUT" source="#mixamorig_LeftHand-Matrix-animation-input"/><input semantic="OUTPUT" source="#mixamorig_LeftHand-Matrix-animation-output-transform"/><input semantic="INTERPOLATION" source="#mixamorig_LeftHand-Interpolations"/></sampler><channel source="#mixamorig_LeftHand-Matrix-animation-transform" target="mixamorig_LeftHand/matrix"/></animation>
    <animation id="mixamorig_LeftHandThumb1-anim" name="mixamorig_LeftHandThumb1"><source id="mixamorig_LeftHandThumb1-Matrix-animation-input"><float_array id="mixamorig_LeftHandThumb1-Matrix-animation-input-array" count="7">

0.000000 0.033333 0.066667 0.100000 0.133333 0.166667 0.200000</float_array><technique_common><accessor source="#mixamorig_LeftHandThumb1-Matrix-animation-input-array" count="7"><param name="TIME" type="float"/></accessor></technique_common></source><source id="mixamorig_LeftHandThumb1-Matrix-animation-output-transform"><float_array id="mixamorig_LeftHandThumb1-Matrix-animation-output-transform-array" count="112">

0.992192 -0.106910 0.064230 2.466100 0.105365 0.994067 0.026984 -1.575000 -0.066734 -0.020005 0.997570 2.682400 0.000000 0.000000 0.000000 1.000000
0.992192 -0.106910 0.064230 2.466100 0.105365 0.994067 0.026984 -1.575000 -0.066734 -0.020005 0.997570 2.682400 0.000000 0.000000 0.000000 1.000000
0.992192 -0.106910 0.064230 2.466100 0.105365 0.994067 0.026984 -1.575000 -0.066734 -0.020005 0.997570 2.682400 0.000000 0.000000 0.000000 1.000000
0.992192 -0.106910 0.064230 2.466100 0.105365 0.994067 0.026984 -1.575000 -0.066734 -0.020005 0.997570 2.682400 0.000000 0.000000 0.000000 1.000000
0.992192 -0.106910 0.064230 2.466100 0.105365 0.994067 0.026984 -1.575000 -0.066734 -0.020005 0.997570 2.682400 0.000000 0.000000 0.000000 1.000000
0.992192 -0.106910 0.064230 2.466100 0.105365 0.994067 0.026984 -1.575000 -0.066734 -0.020005 0.997570 2.682400 0.000000 0.000000 0.000000 1.000000
0.992192 -0.106910 0.064230 2.466100 0.105365 0.994067 0.026984 -1.575000 -0.066734 -0.020005 0.997570 2.682400 0.000000 0.000000 0.000000 1.000000</float_array><technique_common><accessor source="#mixamorig_LeftHandThumb1-Matrix-animation-output-transform-array" count="7" stride="16"><param type="float4x4"/></accessor></technique_common></source><source id="mixamorig_LeftHandThumb1-Interpolations"><Name_array id="mixamorig_LeftHandThumb1-Interpolations-array" count="7">
 LINEAR LINEAR LINEAR LINEAR LINEAR LINEAR LINEAR</Name_array><technique_common><accessor source="#mixamorig_LeftHandThumb1-Interpolations-array" count="7"><param type="name"/></accessor></technique_common></source><sampler id="mixamorig_LeftHandThumb1-Matrix-animation-transform"><input semantic="INPUT" source="#mixamorig_LeftHandThumb1-Matrix-animation-input"/><input semantic="OUTPUT" source="#mixamorig_LeftHandThumb1-Matrix-animation-output-transform"/><input semantic="INTERPOLATION" source="#mixamorig_LeftHandThumb1-Interpolations"/></sampler><channel source="#mixamorig_LeftHandThumb1-Matrix-animation-transform" target="mixamorig_LeftHandThumb1/matrix"/></animation>
    <animation id="mixamorig_LeftHandThumb2-anim" name="mixamorig_LeftHandThumb2"><source id="mixamorig_LeftHandThumb2-Matrix-animation-input"><float_array id="mixamorig_LeftHandThumb2-Matrix-animation-input-array" count="7">

0.000000 0.033333 0.066667 0.100000 0.133333 0.166667 0.200000</float_array><technique_common><accessor source="#mixamorig_LeftHandThumb2-Matrix-animation-input-array" count="7"><param name="TIME" type="float"/></accessor></technique_common></source><source id="mixamorig_LeftHandThumb2-Matrix-animation-output-transform"><float_array id="mixamorig_LeftHandThumb2-Matrix-animation-output-transform-array" count="112">

0.990308 -0.012868 0.138289 3.229800 0.022465 0.997428 -0.068062 -1.864700 -0.137057 0.070509 0.988050 1.864700 0.000000 0.000000 0.000000 1.000000
0.990308 -0.012868 0.138289 3.229800 0.022465 0.997428 -0.068062 -1.864700 -0.137057 0.070509 0.988051 1.864700 0.000000 0.000000 0.000000 1.000000
0.990308 -0.012868 0.138289 3.229800 0.022465 0.997428 -0.068062 -1.864700 -0.137057 0.070509 0.988050 1.864700 0.000000 0.000000 0.000000 1.000000
0.990308 -0.012868 0.138289 3.229800 0.022465 0.997428 -0.068062 -1.864700 -0.137057 0.070509 0.988050 1.864700 0.000000 0.000000 0.000000 1.000000
0.990308 -0.012868 0.138289 3.229800 0.022465 0.997428 -0.068062 -1.864700 -0.137057 0.070509 0.988050 1.864700 0.000000 0.000000 0.000000 1.000000
0.990308 -0.012868 0.138289 3.229800 0.022465 0.997428 -0.068062 -1.864700 -0.137057 0.070509 0.988050 1.864700 0.000000 0.000000 0.000000 1.000000
0.990308 -0.012868 0.138289 3.229800 0.022465 0.997428 -0.068062 -1.864700 -0.137057 0.070509 0.988051 1.864700 0.000000 0.000000 0.000000 1.000000</float_array><technique_common><accessor source="#mixamorig_LeftHandThumb2-Matrix-animation-output-transform-array" count="7" stride="16"><param type="float4x4"/></accessor></technique_common></source><source id="mixamorig_LeftHandThumb2-Interpolations"><Name_array id="mixamorig_LeftHandThumb2-Interpolations-array" count="7">
 LINEAR LINEAR LINEAR LINEAR LINEAR LINEAR LINEAR</Name_array><technique_common><accessor source="#mixamorig_LeftHandThumb2-Interpolations-array" count="7"><param type="name"/></accessor></technique_common></source><sampler id="mixamorig_LeftHandThumb2-Matrix-animation-transform"><input semantic="INPUT" source="#mixamorig_LeftHandThumb2-Matrix-animation-input"/><input semantic="OUTPUT" source="#mixamorig_LeftHandThumb2-Matrix-animation-output-transform"/><input semantic="INTERPOLATION" source="#mixamorig_LeftHandThumb2-Interpolations"/></sampler><channel source="#mixamorig_LeftHandThumb2-Matrix-animation-transform" target="mixamorig_LeftHandThumb2/matrix"/></animation>
    <animation id="mixamorig_LeftHandThumb3-anim" name="mixamorig_LeftHandThumb3"><source id="mixamorig_LeftHandThumb3-Matrix-animation-input"><float_array id="mixamorig_LeftHandThumb3-Matrix-animation-input-array" count="7">

0.000000 0.033333 0.066667 0.100000 0.133333 0.166667 0.200000</float_array><technique_common><accessor source="#mixamorig_LeftHandThumb3-Matrix-animation-input-array" count="7"><param name="TIME" type="float"/></accessor></technique_common></source><source id="mixamorig_LeftHandThumb3-Matrix-animation-output-transform"><float_array id="mixamorig_LeftHandThumb3-Matrix-animation-output-transform-array" count="112">

0.998641 -0.044270 0.027498 2.652600 0.044007 0.998980 0.010099 -1.531500 -0.027917 -0.008875 0.999571 1.531500 0.000000 0.000000 0.000000 1.000000
0.998641 -0.044270 0.027498 2.652600 0.044007 0.998980 0.010099 -1.531500 -0.027917 -0.008875 0.999571 1.531500 0.000000 0.000000 0.000000 1.000000
0.998641 -0.044270 0.027498 2.652600 0.044007 0.998980 0.010099 -1.531500 -0.027917 -0.008875 0.999571 1.531500 0.000000 0.000000 0.000000 1.000000
0.998641 -0.044270 0.027498 2.652600 0.044007 0.998980 0.010099 -1.531500 -0.027917 -0.008875 0.999571 1.531500 0.000000 0.000000 0.000000 1.000000
0.998641 -0.044270 0.027498 2.652600 0.044007 0.998980 0.010099 -1.531500 -0.027917 -0.008875 0.999571 1.531500 0.000000 0.000000 0.000000 1.000000
0.998641 -0.044270 0.027498 2.652600 0.044007 0.998980 0.010099 -1.531500 -0.027917 -0.008875 0.999571 1.531500 0.000000 0.000000 0.000000 1.000000
0.998641 -0.044270 0.027498 2.652600 0.044007 0.998980 0.010099 -1.531500 -0.027917 -0.008875 0.999571 1.531500 0.000000 0.000000 0.000000 1.000000</float_array><technique_common><accessor source="#mixamorig_LeftHandThumb3-Matrix-animation-output-transform-array" count="7" stride="16"><param type="float4x4"/></accessor></technique_common></source><source id="mixamorig_LeftHandThumb3-Interpolations"><Name_array id="mixamorig_LeftHandThumb3-Interpolations-array" count="7">
 LINEAR LINEAR LINEAR LINEAR LINEAR LINEAR LINEAR</Name_array><technique_common><accessor source="#mixamorig_LeftHandThumb3-Interpolations-array" count="7"><param type="name"/></accessor></technique_common></source><sampler id="mixamorig_LeftHandThumb3-Matrix-animation-transform"><input semantic="INPUT" source="#mixamorig_LeftHandThumb3-Matrix-animation-input"/><input semantic="OUTPUT" source="#mixamorig_LeftHandThumb3-Matrix-animation-output-transform"/><input semantic="INTERPOLATION" source="#mixamorig_LeftHandThumb3-Interpolations"/></sampler><channel source="#mixamorig_LeftHandThumb3-Matrix-animation-transform" target="mixamorig_LeftHandThumb3/matrix"/></animation>
    <animation id="mixamorig_LeftHandIndex1-anim" name="mixamorig_LeftHandIndex1"><source id="mixamorig_LeftHandIndex1-Matrix-animation-input"><float_array id="mixamorig_LeftHandIndex1-Matrix-animation-input-array" count="7">

0.000000 0.033333 0.066667 0.100000 0.133333 0.166667 0.200000</float_array><technique_common><accessor source="#mixamorig_LeftHandIndex1-Matrix-animation-input-array" count="7"><param name="TIME" type="float"/></accessor></technique_common></source><source id="mixamorig_LeftHandIndex1-Matrix-animation-output-transform"><float_array id="mixamorig_LeftHandIndex1-Matrix-animation-output-transform-array" count="112">

0.887300 0.457895 0.055049 9.109300 -0.457895 0.888906 -0.013356 -0.517100 -0.055049 -0.013356 0.998394 2.260100 0.000000 0.000000 0.000000 1.000000
0.887300 0.457895 0.055049 9.109300 -0.457895 0.888906 -0.013356 -0.517100 -0.055049 -0.013356 0.998394 2.260100 0.000000 0.000000 0.000000 1.000000
0.887300 0.457895 0.055049 9.109300 -0.457895 0.888906 -0.013356 -0.517100 -0.055049 -0.013356 0.998394 2.260100 0.000000 0.000000 0.000000 1.000000
0.887300 0.457895 0.055050 9.109300 -0.457895 0.888906 -0.013356 -0.517100 -0.055050 -0.013356 0.998394 2.260100 0.000000 0.000000 0.000000 1.000000
0.887300 0.457895 0.055049 9.109300 -0.457895 0.888906 -0.013356 -0.517100 -0.055049 -0.013356 0.998394 2.260100 0.000000 0.000000 0.000000 1.000000
0.887300 0.457895 0.055049 9.109300 -0.457895 0.888906 -0.013356 -0.517100 -0.055049 -0.013356 0.998394 2.260100 0.000000 0.000000 0.000000 1.000000
0.887300 0.457895 0.055049 9.109300 -0.457895 0.888906 -0.013356 -0.517100 -0.055049 -0.013356 0.998394 2.260100 0.000000 0.000000 0.000000 1.000000</float_array><technique_common><accessor source="#mixamorig_LeftHandIndex1-Matrix-animation-output-transform-array" count="7" stride="16"><param type="float4x4"/></accessor></technique_common></source><source id="mixamorig_LeftHandIndex1-Interpolations"><Name_array id="mixamorig_LeftHandIndex1-Interpolations-array" count="7">
 LINEAR LINEAR LINEAR LINEAR LINEAR LINEAR LINEAR</Name_array><technique_common><accessor source="#mixamorig_LeftHandIndex1-Interpolations-array" count="7"><param type="name"/></accessor></technique_common></source><sampler id="mixamorig_LeftHandIndex1-Matrix-animation-transform"><input semantic="INPUT" source="#mixamorig_LeftHandIndex1-Matrix-animation-input"/><input semantic="OUTPUT" source="#mixamorig_LeftHandIndex1-Matrix-animation-output-transform"/><input semantic="INTERPOLATION" source="#mixamorig_LeftHandIndex1-Interpolations"/></sampler><channel source="#mixamorig_LeftHandIndex1-Matrix-animation-transform" target="mixamorig_LeftHandIndex1/matrix"/></animation>
    <animation id="mixamorig_LeftHandIndex2-anim" name="mixamorig_LeftHandIndex2"><source id="mixamorig_LeftHandIndex2-Matrix-animation-input"><float_array id="mixamorig_LeftHandIndex2-Matrix-animation-input-array" count="7">

0.000000 0.033333 0.066667 0.100000 0.133333 0.166667 0.200000</float_array><technique_common><accessor source="#mixamorig_LeftHandIndex2-Matrix-animation-input-array" count="7"><param name="TIME" type="float"/></accessor></technique_common></source><source id="mixamorig_LeftHandIndex2-Matrix-animation-output-transform"><float_array id="mixamorig_LeftHandIndex2-Matrix-animation-output-transform-array" count="112">

0.887300 0.457895 0.055049 3.676400 -0.457895 0.888906 -0.013356 -0.000000 -0.055049 -0.013356 0.998394 0.000000 0.000000 0.000000 0.000000 1.000000
0.887300 0.457895 0.055049 3.676400 -0.457895 0.888906 -0.013356 0.000000 -0.055049 -0.013356 0.998394 0.000000 0.000000 0.000000 0.000000 1.000000
0.887300 0.457895 0.055049 3.676400 -0.457895 0.888906 -0.013356 -0.000000 -0.055049 -0.013356 0.998394 0.000000 0.000000 0.000000 0.000000 1.000000
0.887300 0.457895 0.055049 3.676400 -0.457895 0.888906 -0.013356 0.000000 -0.055049 -0.013356 0.998394 0.000000 0.000000 0.000000 0.000000 1.000000
0.887300 0.457895 0.055049 3.676400 -0.457895 0.888906 -0.013356 0.000000 -0.055049 -0.013356 0.998394 0.000000 0.000000 0.000000 0.000000 1.000000
0.887300 0.457895 0.055049 3.676400 -0.457895 0.888906 -0.013356 0.000000 -0.055049 -0.013356 0.998394 0.000000 0.000000 0.000000 0.000000 1.000000
0.887300 0.457895 0.055049 3.676400 -0.457895 0.888906 -0.013356 0.000000 -0.055049 -0.013356 0.998394 0.000000 0.000000 0.000000 0.000000 1.000000</float_array><technique_common><accessor source="#mixamorig_LeftHandIndex2-Matrix-animation-output-transform-array" count="7" stride="16"><param type="float4x4"/></accessor></technique_common></source><source id="mixamorig_LeftHandIndex2-Interpolations"><Name_array id="mixamorig_LeftHandIndex2-Interpolations-array" count="7">
 LINEAR LINEAR LINEAR LINEAR LINEAR LINEAR LINEAR</Name_array><technique_common><accessor source="#mixamorig_LeftHandIndex2-Interpolations-array" count="7"><param type="name"/></accessor></technique_common></source><sampler id="mixamorig_LeftHandIndex2-Matrix-animation-transform"><input semantic="INPUT" source="#mixamorig_LeftHandIndex2-Matrix-animation-input"/><input semantic="OUTPUT" source="#mixamorig_LeftHandIndex2-Matrix-animation-output-transform"/><input semantic="INTERPOLATION" source="#mixamorig_LeftHandIndex2-Interpolations"/></sampler><channel source="#mixamorig_LeftHandIndex2-Matrix-animation-transform" target="mixamorig_LeftHandIndex2/matrix"/></animation>
    <animation id="mixamorig_LeftHandIndex3-anim" name="mixamorig_LeftHandIndex3"><source id="mixamorig_LeftHandIndex3-Matrix-animation-input"><float_array id="mixamorig_LeftHandIndex3-Matrix-animation-input-array" count="7">

