<?xml version="1.0" encoding="utf-8"?>
<COLLADA xmlns="http://www.collada.org/2005/11/COLLADASchema" version="1.4.1">
  <asset><contributor><author>Mixamo</author><authoring_tool>COLLADA Mixamo exporter</authoring_tool><comments></comments></contributor><created>2019-03-19T12:34:57Z</created><modified>2019-03-19T12:34:57Z</modified><revision></revision><title></title><unit meter="0.010000"/><up_axis>Y_UP</up_axis></asset>
  <library_animations>
    <animation id="mixamorig_Hips-anim" name="mixamorig_Hips"><source id="mixamorig_Hips-Matrix-animation-input"><float_array id="mixamorig_Hips-Matrix-animation-input-array" count="64">

0.000000 0.033333 0.066667 0.100000 0.133333 0.166667 0.200000 0.233333 0.266667 0.300000 0.333333 0.366667 0.400000 0.433333 0.466667 0.500000
0.533333 0.566667 0.600000 0.633333 0.666667 0.700000 0.733333 0.766667 0.800000 0.833333 0.866667 0.900000 0.933333 0.966667 1.000000 1.033333
1.066667 1.100000 1.133333 1.166667 1.200000 1.233333 1.266667 1.300000 1.333333 1.366667 1.400000 1.433333 1.466667 1.500000 1.533333 1.566667
1.600000 1.633333 1.666667 1.700000 1.733333 1.766667 1.800000 1.833333 1.866667 1.900000 1.933333 1.966667 2.000000 2.033333 2.066667 2.100000</float_array><technique_common><accessor source="#mixamorig_Hips-Matrix-animation-input-array" count="64"><param name="TIME" type="float"/></accessor></technique_common></source><source id="mixamorig_Hips-Matrix-animation-output-transform"><float_array id="mixamorig_Hips-Matrix-animation-output-transform-array" count="1024">

0.569677 0.258984 -0.779997 -0.441679 -0.082458 0.962275 0.259282 97.877304 0.817722 -0.083390 0.569541 0.754978 0.000000 0.000000 0.000000 1.000000
0.569660 0.259478 -0.779845 -0.439059 -0.082443 0.962110 0.259900 97.877556 0.817735 -0.083762 0.569468 0.752915 0.000000 0.000000 0.000000 1.000000
0.569635 0.260007 -0.779687 -0.435060 -0.082427 0.961932 0.260561 97.877769 0.817754 -0.084158 0.569382 0.749728 0.000000 0.000000 0.000000 1.000000
0.569587 0.260578 -0.779532 -0.429497 -0.082414 0.961742 0.261268 97.878021 0.817789 -0.084570 0.569271 0.745380 0.000000 0.000000 0.000000 1.000000
0.569512 0.261189 -0.779382 -0.422486 -0.082404 0.961538 0.262019 97.878281 0.817842 -0.084999 0.569131 0.739897 0.000000 0.000000 0.000000 1.000000
0.569424 0.261833 -0.779230 -0.414158 -0.082394 0.961323 0.262809 97.878578 0.817904 -0.085446 0.568974 0.733398 0.000000 0.000000 0.000000 1.000000
0.569335 0.262506 -0.779069 -0.404591 -0.082384 0.961098 0.263635 97.878914 0.817967 -0.085913 0.568814 0.725850 0.000000 0.000000 0.000000 1.000000
0.569248 0.263205 -0.778896 -0.393825 -0.082373 0.960863 0.264493 97.879181 0.818029 -0.086402 0.568651 0.717312 0.000000 0.000000 0.000000 1.000000
0.569160 0.263927 -0.778717 -0.382010 -0.082360 0.960619 0.265381 97.879478 0.818091 -0.086909 0.568483 0.707909 0.000000 0.000000 0.000000 1.000000
0.569070 0.264671 -0.778530 -0.369192 -0.082347 0.960367 0.266296 97.879837 0.818155 -0.087431 0.568311 0.697758 0.000000 0.000000 0.000000 1.000000
0.568979 0.265434 -0.778337 -0.355448 -0.082334 0.960108 0.267235 97.880257 0.818220 -0.087967 0.568135 0.686893 0.000000 0.000000 0.000000 1.000000
0.568888 0.266213 -0.778137 -0.340872 -0.082320 0.959841 0.268194 97.880554 0.818285 -0.088516 0.567957 0.675378 0.000000 0.000000 0.000000 1.000000
0.568796 0.267006 -0.777933 -0.325572 -0.082305 0.959569 0.269170 97.880920 0.818350 -0.089075 0.567775 0.663262 0.000000 0.000000 0.000000 1.000000
0.568704 0.267809 -0.777723 -0.309584 -0.082290 0.959293 0.270159 97.881287 0.818415 -0.089642 0.567592 0.650581 0.000000 0.000000 0.000000 1.000000
0.568613 0.268620 -0.777510 -0.293007 -0.082274 0.959012 0.271158 97.881660 0.818480 -0.090215 0.567407 0.637381 0.000000 0.000000 0.000000 1.000000
0.568522 0.269440 -0.777293 -0.275835 -0.082258 0.958727 0.272168 97.882034 0.818545 -0.090795 0.567221 0.623708 0.000000 0.000000 0.000000 1.000000
0.568431 0.270268 -0.777073 -0.258137 -0.082241 0.958439 0.273188 97.882408 0.818610 -0.091381 0.567033 0.609622 0.000000 0.000000 0.000000 1.000000
0.568340 0.271091 -0.776852 -0.240222 -0.082225 0.958151 0.274202 97.882767 0.818675 -0.091963 0.566846 0.595395 0.000000 0.000000 0.000000 1.000000
0.568253 0.271895 -0.776635 -0.222425 -0.082208 0.957868 0.275194 97.883102 0.818737 -0.092534 0.566663 0.581244 0.000000 0.000000 0.000000 1.000000
0.568165 0.272707 -0.776414 -0.204157 -0.082191 0.957581 0.276194 97.883423 0.818799 -0.093109 0.566479 0.566778 0.000000 0.000000 0.000000 1.000000
0.568071 0.273597 -0.776170 -0.183814 -0.082172 0.957265 0.277292 97.883774 0.818867 -0.093742 0.566277 0.550569 0.000000 0.000000 0.000000 1.000000
0.567964 0.274606 -0.775892 -0.160393 -0.082150 0.956906 0.278535 97.884216 0.818943 -0.094458 0.566048 0.531908 0.000000 0.000000 0.000000 1.000000
0.567852 0.275676 -0.775594 -0.135167 -0.082126 0.956523 0.279856 97.884644 0.819023 -0.095221 0.565804 0.511821 0.000000 0.000000 0.000000 1.000000
0.567743 0.276728 -0.775299 -0.110034 -0.082103 0.956144 0.281154 97.885071 0.819101 -0.095969 0.565565 0.491824 0.000000 0.000000 0.000000 1.000000
0.567639 0.277728 -0.775018 -0.085793 -0.082082 0.955783 0.282386 97.885483 0.819176 -0.096678 0.565336 0.472564 0.000000 0.000000 0.000000 1.000000
0.567538 0.278679 -0.774750 -0.062423 -0.082060 0.955437 0.283560 97.885780 0.819248 -0.097355 0.565115 0.453944 0.000000 0.000000 0.000000 1.000000
0.567443 0.279587 -0.774493 -0.039918 -0.082039 0.955106 0.284680 97.886131 0.819315 -0.098001 0.564906 0.435987 0.000000 0.000000 0.000000 1.000000
0.567361 0.280441 -0.774244 -0.018496 -0.082018 0.954792 0.285736 97.886436 0.819375 -0.098614 0.564713 0.418871 0.000000 0.000000 0.000000 1.000000
0.567291 0.281234 -0.774008 0.001593 -0.081998 0.954500 0.286716 97.886734 0.819425 -0.099184 0.564540 0.402860 0.000000 0.000000 0.000000 1.000000
0.567231 0.281957 -0.773789 0.020167 -0.081979 0.954232 0.287612 97.886986 0.819469 -0.099708 0.564384 0.388052 0.000000 0.000000 0.000000 1.000000
0.567175 0.282607 -0.773592 0.036963 -0.081963 0.953990 0.288417 97.887207 0.819509 -0.100177 0.564243 0.374661 0.000000 0.000000 0.000000 1.000000
0.567126 0.283178 -0.773420 0.051796 -0.081948 0.953778 0.289124 97.887413 0.819544 -0.100590 0.564118 0.362850 0.000000 0.000000 0.000000 1.000000
0.567084 0.283665 -0.773273 0.064518 -0.081935 0.953596 0.289726 97.887573 0.819575 -0.100941 0.564011 0.352735 0.000000 0.000000 0.000000 1.000000
0.567050 0.284059 -0.773153 0.074916 -0.081925 0.953449 0.290214 97.887703 0.819599 -0.101226 0.563924 0.344461 0.000000 0.000000 0.000000 1.000000
0.567024 0.284352 -0.773064 0.082736 -0.081920 0.953339 0.290576 97.887825 0.819617 -0.101434 0.563860 0.338227 0.000000 0.000000 0.000000 1.000000
0.567008 0.284537 -0.773007 0.087753 -0.081920 0.953270 0.290802 97.887871 0.819629 -0.101562 0.563821 0.334238 0.000000 0.000000 0.000000 1.000000
0.567001 0.284609 -0.772986 0.089806 -0.081919 0.953243 0.290890 97.887894 0.819633 -0.101613 0.563805 0.332613 0.000000 0.000000 0.000000 1.000000
0.567005 0.284558 -0.773002 0.088762 -0.081916 0.953262 0.290829 97.887878 0.819631 -0.101580 0.563815 0.333405 0.000000 0.000000 0.000000 1.000000
0.567021 0.284368 -0.773060 0.084611 -0.081917 0.953333 0.290596 97.887833 0.819620 -0.101447 0.563854 0.336655 0.000000 0.000000 0.000000 1.000000
0.567047 0.284032 -0.773165 0.077488 -0.081926 0.953459 0.290180 97.887787 0.819601 -0.101204 0.563925 0.342305 0.000000 0.000000 0.000000 1.000000
0.567085 0.283558 -0.773311 0.067612 -0.081939 0.953636 0.289592 97.887619 0.819573 -0.100859 0.564027 0.350188 0.000000 0.000000 0.000000 1.000000
0.567141 0.282958 -0.773489 0.055133 -0.081954 0.953860 0.288851 97.887482 0.819533 -0.100428 0.564162 0.360165 0.000000 0.000000 0.000000 1.000000
0.567216 0.282248 -0.773694 0.040304 -0.081971 0.954123 0.287975 97.887299 0.819480 -0.099923 0.564330 0.372022 0.000000 0.000000 0.000000 1.000000
0.567306 0.281447 -0.773920 0.023611 -0.081987 0.954419 0.286989 97.887039 0.819416 -0.099359 0.564522 0.385294 0.000000 0.000000 0.000000 1.000000
0.567405 0.280566 -0.774166 0.005255 -0.082008 0.954743 0.285904 97.886810 0.819345 -0.098736 0.564735 0.399857 0.000000 0.000000 0.000000 1.000000
0.567517 0.279566 -0.774446 -0.015505 -0.082029 0.955109 0.284673 97.886497 0.819265 -0.098030 0.564973 0.416284 0.000000 0.000000 0.000000 1.000000
0.567649 0.278389 -0.774773 -0.039901 -0.082054 0.955538 0.283223 97.886131 0.819171 -0.097198 0.565253 0.435642 0.000000 0.000000 0.000000 1.000000
0.567801 0.277035 -0.775147 -0.067982 -0.082084 0.956028 0.281555 97.885658 0.819063 -0.096240 0.565574 0.457942 0.000000 0.000000 0.000000 1.000000
0.567965 0.275573 -0.775548 -0.098310 -0.082114 0.956554 0.279755 97.885254 0.818946 -0.095208 0.565918 0.482055 0.000000 0.000000 0.000000 1.000000
0.568134 0.274070 -0.775957 -0.129545 -0.082145 0.957091 0.277902 97.884598 0.818826 -0.094144 0.566269 0.506903 0.000000 0.000000 0.000000 1.000000
0.568305 0.272546 -0.776368 -0.161139 -0.082176 0.957631 0.276026 97.884033 0.818704 -0.093068 0.566623 0.531999 0.000000 0.000000 0.000000 1.000000
0.568477 0.271013 -0.776779 -0.192867 -0.082207 0.958171 0.274137 97.883377 0.818582 -0.091984 0.566977 0.557158 0.000000 0.000000 0.000000 1.000000
0.568648 0.269486 -0.777185 -0.224443 -0.082237 0.958704 0.272257 97.882690 0.818460 -0.090905 0.567327 0.582207 0.000000 0.000000 0.000000 1.000000
0.568816 0.267988 -0.777580 -0.255440 -0.082266 0.959224 0.270411 97.882057 0.818340 -0.089845 0.567668 0.606842 0.000000 0.000000 0.000000 1.000000
0.568977 0.266539 -0.777960 -0.285417 -0.082294 0.959723 0.268626 97.881401 0.818225 -0.088821 0.567995 0.630679 0.000000 0.000000 0.000000 1.000000
0.569132 0.265159 -0.778318 -0.313946 -0.082320 0.960195 0.266925 97.880730 0.818115 -0.087845 0.568306 0.653347 0.000000 0.000000 0.000000 1.000000
0.569281 0.263866 -0.778649 -0.340602 -0.082343 0.960634 0.265334 97.880051 0.818009 -0.086933 0.568598 0.674490 0.000000 0.000000 0.000000 1.000000
0.569412 0.262684 -0.778953 -0.364991 -0.082366 0.961033 0.263878 97.879440 0.817916 -0.086096 0.568860 0.693848 0.000000 0.000000 0.000000 1.000000
0.569507 0.261634 -0.779236 -0.386743 -0.082388 0.961387 0.262578 97.878868 0.817847 -0.085340 0.569072 0.711151 0.000000 0.000000 0.000000 1.000000
0.569561 0.260730 -0.779500 -0.405542 -0.082413 0.961691 0.261453 97.878357 0.817807 -0.084673 0.569230 0.726171 0.000000 0.000000 0.000000 1.000000
0.569589 0.259990 -0.779727 -0.420911 -0.082436 0.961941 0.260528 97.877869 0.817785 -0.084116 0.569343 0.738489 0.000000 0.000000 0.000000 1.000000
0.569605 0.259451 -0.779894 -0.432142 -0.082453 0.962122 0.259853 97.877563 0.817772 -0.083709 0.569422 0.747474 0.000000 0.000000 0.000000 1.000000
0.569621 0.259142 -0.779985 -0.438820 -0.082462 0.962225 0.259468 97.877380 0.817760 -0.083479 0.569473 0.752819 0.000000 0.000000 0.000000 1.000000
0.569677 0.258984 -0.779997 -0.441683 -0.082458 0.962275 0.259282 97.877228 0.817722 -0.083390 0.569541 0.754972 0.000000 0.000000 0.000000 1.000000</float_array><technique_common><accessor source="#mixamorig_Hips-Matrix-animation-output-transform-array" count="64" stride="16"><param type="float4x4"/></accessor></technique_common></source><source id="mixamorig_Hips-Interpolations"><Name_array id="mixamorig_Hips-Interpolations-array" count="64">
 LINEAR LINEAR LINEAR LINEAR LINEAR LINEAR LINEAR LINEAR LINEAR LINEAR LINEAR
LINEAR LINEAR LINEAR LINEAR LINEAR LINEAR LINEAR LINEAR LINEAR LINEAR LINEAR LINEAR
LINEAR LINEAR LINEAR LINEAR LINEAR LINEAR LINEAR LINEAR LINEAR LINEAR LINEAR LINEAR
LINEAR LINEAR LINEAR LINEAR LINEAR LINEAR LINEAR LINEAR LINEAR LINEAR LINEAR LINEAR
LINEAR LINEAR LINEAR LINEAR LINEAR LINEAR LINEAR LINEAR LINEAR LINEAR LINEAR LINEAR
LINEAR LINEAR LINEAR LINEAR LINEAR</Name_array><technique_common><accessor source="#mixamorig_Hips-Interpolations-array" count="64"><param type="name"/></accessor></technique_common></source><sampler id="mixamorig_Hips-Matrix-animation-transform"><input semantic="INPUT" source="#mixamorig_Hips-Matrix-animation-input"/><input semantic="OUTPUT" source="#mixamorig_Hips-Matrix-animation-output-transform"/><input semantic="INTERPOLATION" source="#mixamorig_Hips-Interpolations"/></sampler><channel source="#mixamorig_Hips-Matrix-animation-transform" target="mixamorig_Hips/matrix"/></animation>
    <animation id="mixamorig_Spine-anim" name="mixamorig_Spine"><source id="mixamorig_Spine-Matrix-animation-input"><float_array id="mixamorig_Spine-Matrix-animation-input-array" count="64">

0.000000 0.033333 0.066667 0.100000 0.133333 0.166667 0.200000 0.233333 0.266667 0.300000 0.333333 0.366667 0.400000 0.433333 0.466667 0.500000
0.533333 0.566667 0.600000 0.633333 0.666667 0.700000 0.733333 0.766667 0.800000 0.833333 0.866667 0.900000 0.933333 0.966667 1.000000 1.033333
1.066667 1.100000 1.133333 1.166667 1.200000 1.233333 1.266667 1.300000 1.333333 1.366667 1.400000 1.433333 1.466667 1.500000 1.533333 1.566667
1.600000 1.633333 1.666667 1.700000 1.733333 1.766667 1.800000 1.833333 1.866667 1.900000 1.933333 1.966667 2.000000 2.033333 2.066667 2.100000</float_array><technique_common><accessor source="#mixamorig_Spine-Matrix-animation-input-array" count="64"><param name="TIME" type="float"/></accessor></technique_common></source><source id="mixamorig_Spine-Matrix-animation-output-transform"><float_array id="mixamorig_Spine-Matrix-animation-output-transform-array" count="1024">

0.994999 -0.098741 0.015061 -0.000000 0.099731 0.973804 -0.204349 10.181600 0.005512 0.204829 0.978782 0.131500 0.000000 0.000000 0.000000 1.000000
0.994996 -0.098781 0.015028 0.000000 0.099762 0.973760 -0.204547 10.181600 0.005572 0.205023 0.978741 0.131500 0.000000 0.000000 0.000000 1.000000
0.994993 -0.098819 0.014985 0.000000 0.099789 0.973694 -0.204848 10.181600 0.005652 0.205317 0.978679 0.131500 0.000000 0.000000 0.000000 1.000000
0.994989 -0.098864 0.014940 0.000000 0.099822 0.973606 -0.205248 10.181600 0.005746 0.205711 0.978596 0.131500 0.000000 0.000000 0.000000 1.000000
0.994985 -0.098912 0.014881 0.000000 0.099853 0.973494 -0.205763 10.181600 0.005865 0.206217 0.978489 0.131500 0.000000 0.000000 0.000000 1.000000
0.994981 -0.098959 0.014817 0.000000 0.099882 0.973377 -0.206303 10.181600 0.005993 0.206748 0.978376 0.131500 0.000000 0.000000 0.000000 1.000000
0.994978 -0.099001 0.014753 0.000000 0.099906 0.973240 -0.206936 10.181600 0.006129 0.207371 0.978243 0.131500 0.000000 0.000000 0.000000 1.000000
0.994975 -0.099038 0.014690 -0.000000 0.099925 0.973079 -0.207681 10.181600 0.006274 0.208105 0.978086 0.131500 0.000000 0.000000 0.000000 1.000000
0.994972 -0.099075 0.014631 0.000000 0.099944 0.972899 -0.208515 10.181600 0.006424 0.208929 0.977910 0.131500 0.000000 0.000000 0.000000 1.000000
0.994969 -0.099098 0.014688 0.000000 0.099973 0.972719 -0.209339 10.181600 0.006457 0.209755 0.977733 0.131500 0.000000 0.000000 0.000000 1.000000
0.994966 -0.099115 0.014772 0.000000 0.100001 0.972514 -0.210277 10.181600 0.006476 0.210696 0.977530 0.131500 0.000000 0.000000 0.000000 1.000000
0.994964 -0.099129 0.014862 -0.000000 0.100026 0.972307 -0.211219 10.181600 0.006487 0.211642 0.977326 0.131500 0.000000 0.000000 0.000000 1.000000
0.994963 -0.099123 0.014959 -0.000000 0.100035 0.972082 -0.212250 10.181600 0.006497 0.212677 0.977101 0.131500 0.000000 0.000000 0.000000 1.000000
0.994975 -0.098988 0.015056 -0.000000 0.099916 0.971856 -0.213336 10.181600 0.006486 0.213768 0.976863 0.131500 0.000000 0.000000 0.000000 1.000000
0.994988 -0.098840 0.015169 0.000000 0.099789 0.971633 -0.214410 10.181600 0.006453 0.214849 0.976626 0.131500 0.000000 0.000000 0.000000 1.000000
0.995002 -0.098678 0.015309 0.000000 0.099653 0.971399 -0.215532 10.181600 0.006398 0.215980 0.976377 0.131500 0.000000 0.000000 0.000000 1.000000
0.995016 -0.098509 0.015447 -0.000000 0.099511 0.971146 -0.216734 10.181600 0.006349 0.217191 0.976109 0.131500 0.000000 0.000000 0.000000 1.000000
0.995031 -0.098335 0.015593 0.000000 0.099365 0.970894 -0.217925 10.181600 0.006290 0.218392 0.975841 0.131500 0.000000 0.000000 0.000000 1.000000
0.995047 -0.098154 0.015748 -0.000000 0.099215 0.970645 -0.219099 10.181600 0.006220 0.219576 0.975575 0.131500 0.000000 0.000000 0.000000 1.000000
0.995063 -0.097968 0.015899 0.000000 0.099058 0.970384 -0.220322 10.181600 0.006156 0.220809 0.975298 0.131500 0.000000 0.000000 0.000000 1.000000
0.995081 -0.097746 0.016097 0.000000 0.098877 0.970091 -0.221689 10.181600 0.006054 0.222190 0.974985 0.131500 0.000000 0.000000 0.000000 1.000000
0.995103 -0.097475 0.016361 0.000000 0.098662 0.969744 -0.223299 10.181600 0.005900 0.223819 0.974613 0.131500 0.000000 0.000000 0.000000 1.000000
0.995128 -0.097181 0.016645 -0.000000 0.098430 0.969377 -0.224987 10.181600 0.005729 0.225529 0.974220 0.131500 0.000000 0.000000 0.000000 1.000000
0.995152 -0.096874 0.016964 0.000000 0.098193 0.968997 -0.226721 10.181600 0.005525 0.227288 0.973812 0.131500 0.000000 0.000000 0.000000 1.000000
0.995177 -0.096567 0.017275 -0.000000 0.097956 0.968638 -0.228351 10.181600 0.005318 0.228942 0.973426 0.131500 0.000000 0.000000 0.000000 1.000000
0.995201 -0.096253 0.017617 0.000000 0.097720 0.968272 -0.230002 10.181600 0.005080 0.230620 0.973031 0.131500 0.000000 0.000000 0.000000 1.000000
0.995225 -0.095932 0.017979 0.000000 0.097483 0.967912 -0.231612 10.181600 0.004817 0.232259 0.972642 0.131500 0.000000 0.000000 0.000000 1.000000
0.995249 -0.095623 0.018320 0.000000 0.097255 0.967570 -0.233130 10.181600 0.004566 0.233804 0.972273 0.131500 0.000000 0.000000 0.000000 1.000000
0.995271 -0.095321 0.018674 -0.000000 0.097038 0.967242 -0.234579 10.181600 0.004298 0.235282 0.971918 0.131500 0.000000 0.000000 0.000000 1.000000
0.995293 -0.095021 0.019035 0.000000 0.096826 0.966934 -0.235931 10.181600 0.004013 0.236663 0.971583 0.131500 0.000000 0.000000 0.000000 1.000000
0.995314 -0.094736 0.019384 0.000000 0.096626 0.966649 -0.237177 10.181600 0.003732 0.237939 0.971273 0.131500 0.000000 0.000000 0.000000 1.000000
0.995333 -0.094471 0.019706 0.000000 0.096442 0.966391 -0.238300 10.181600 0.003469 0.239088 0.970992 0.131500 0.000000 0.000000 0.000000 1.000000
0.995348 -0.094237 0.020036 0.000000 0.096291 0.966161 -0.239293 10.181600 0.003192 0.240109 0.970741 0.131500 0.000000 0.000000 0.000000 1.000000
0.995361 -0.094034 0.020350 -0.000000 0.096166 0.965957 -0.240166 10.181600 0.002927 0.241009 0.970519 0.131500 0.000000 0.000000 0.000000 1.000000
0.995372 -0.093857 0.020640 -0.000000 0.096062 0.965790 -0.240878 10.181600 0.002674 0.241746 0.970336 0.131500 0.000000 0.000000 0.000000 1.000000
0.995381 -0.093699 0.020896 0.000000 0.095970 0.965662 -0.241425 10.181600 0.002442 0.242315 0.970195 0.131500 0.000000 0.000000 0.000000 1.000000
0.995389 -0.093569 0.021090 -0.000000 0.095890 0.965584 -0.241769 10.181600 0.002258 0.242677 0.970105 0.131500 0.000000 0.000000 0.000000 1.000000
0.995396 -0.093460 0.021267 -0.000000 0.095826 0.965554 -0.241914 10.181600 0.002075 0.242838 0.970065 0.131500 0.000000 0.000000 0.000000 1.000000
0.995401 -0.093378 0.021387 0.000000 0.095777 0.965581 -0.241828 10.181600 0.001930 0.242765 0.970083 0.131500 0.000000 0.000000 0.000000 1.000000
0.995404 -0.093321 0.021497 0.000000 0.095749 0.965663 -0.241509 10.181600 0.001779 0.242457 0.970161 0.131500 0.000000 0.000000 0.000000 1.000000
0.995403 -0.093306 0.021589 -0.000000 0.095757 0.965795 -0.240979 10.181600 0.001634 0.241939 0.970290 0.131500 0.000000 0.000000 0.000000 1.000000
0.995398 -0.093348 0.021633 0.000000 0.095810 0.965966 -0.240272 10.181600 0.001532 0.241239 0.970465 0.131500 0.000000 0.000000 0.000000 1.000000
0.995390 -0.093440 0.021613 -0.000000 0.095895 0.966193 -0.239324 10.181600 0.001480 0.240293 0.970699 0.131500 0.000000 0.000000 0.000000 1.000000
0.995381 -0.093556 0.021532 0.000000 0.095990 0.966450 -0.238243 10.181600 0.001480 0.239209 0.970967 0.131500 0.000000 0.000000 0.000000 1.000000
0.995371 -0.093692 0.021415 -0.000000 0.096097 0.966722 -0.237095 10.181600 0.001511 0.238055 0.971250 0.131500 0.000000 0.000000 0.000000 1.000000
0.995358 -0.093866 0.021269 0.000000 0.096233 0.967032 -0.235773 10.181600 0.001563 0.236725 0.971575 0.131500 0.000000 0.000000 0.000000 1.000000
0.995340 -0.094099 0.021055 -0.000000 0.096411 0.967407 -0.234153 10.181600 0.001665 0.235092 0.971972 0.131500 0.000000 0.000000 0.000000 1.000000
0.995318 -0.094388 0.020787 -0.000000 0.096633 0.967847 -0.232239 10.181600 0.001801 0.233161 0.972436 0.131500 0.000000 0.000000 0.000000 1.000000
0.995294 -0.094710 0.020478 -0.000000 0.096879 0.968320 -0.230153 10.181600 0.001968 0.231054 0.972939 0.131500 0.000000 0.000000 0.000000 1.000000
0.995268 -0.095058 0.020125 -0.000000 0.097141 0.968806 -0.227989 10.181600 0.002175 0.228866 0.973456 0.131500 0.000000 0.000000 0.000000 1.000000
0.995241 -0.095424 0.019740 -0.000000 0.097414 0.969294 -0.225787 10.181600 0.002411 0.226636 0.973977 0.131500 0.000000 0.000000 0.000000 1.000000
0.995213 -0.095801 0.019338 -0.000000 0.097697 0.969786 -0.223540 10.181600 0.002662 0.224359 0.974503 0.131500 0.000000 0.000000 0.000000 1.000000
0.995183 -0.096192 0.018923 0.000000 0.097993 0.970283 -0.221245 10.181600 0.002921 0.222033 0.975035 0.131500 0.000000 0.000000 0.000000 1.000000
0.995153 -0.096584 0.018496 0.000000 0.098287 0.970754 -0.219037 10.181600 0.003201 0.219793 0.975541 0.131500 0.000000 0.000000 0.000000 1.000000
0.995123 -0.096975 0.018063 0.000000 0.098581 0.971215 -0.216850 10.181600 0.003486 0.217573 0.976038 0.131500 0.000000 0.000000 0.000000 1.000000
0.995093 -0.097359 0.017634 0.000000 0.098872 0.971653 -0.214745 10.181600 0.003773 0.215435 0.976511 0.131500 0.000000 0.000000 0.000000 1.000000
0.995063 -0.097739 0.017203 0.000000 0.099158 0.972073 -0.212700 10.181600 0.004066 0.213355 0.976966 0.131500 0.000000 0.000000 0.000000 1.000000
0.995034 -0.098103 0.016801 -0.000000 0.099436 0.972444 -0.210867 10.181600 0.004349 0.211490 0.977370 0.131500 0.000000 0.000000 0.000000 1.000000
0.995008 -0.098432 0.016412 0.000000 0.099684 0.972782 -0.209185 10.181600 0.004625 0.209777 0.977738 0.131500 0.000000 0.000000 0.000000 1.000000
0.994987 -0.098709 0.016043 0.000000 0.099884 0.973086 -0.207670 10.181600 0.004888 0.208232 0.978067 0.131500 0.000000 0.000000 0.000000 1.000000
0.994971 -0.098930 0.015696 0.000000 0.100035 0.973332 -0.206439 10.181600 0.005146 0.206971 0.978333 0.131500 0.000000 0.000000 0.000000 1.000000
0.994957 -0.099114 0.015385 0.000000 0.100156 0.973534 -0.205426 10.181600 0.005383 0.205931 0.978552 0.131500 0.000000 0.000000 0.000000 1.000000
0.994950 -0.099200 0.015298 0.000000 0.100226 0.973675 -0.204723 10.181600 0.005413 0.205223 0.978700 0.131500 0.000000 0.000000 0.000000 1.000000
0.994976 -0.098961 0.015137 -0.000000 0.099961 0.973774 -0.204381 10.181600 0.005485 0.204867 0.978774 0.131500 0.000000 0.000000 0.000000 1.000000</float_array><technique_common><accessor source="#mixamorig_Spine-Matrix-animation-output-transform-array" count="64" stride="16"><param type="float4x4"/></accessor></technique_common></source><source id="mixamorig_Spine-Interpolations"><Name_array id="mixamorig_Spine-Interpolations-array" count="64">
 LINEAR LINEAR LINEAR LINEAR LINEAR LINEAR LINEAR LINEAR LINEAR LINEAR LINEAR
LINEAR LINEAR LINEAR LINEAR LINEAR LINEAR LINEAR LINEAR LINEAR LINEAR LINEAR LINEAR
LINEAR LINEAR LINEAR LINEAR LINEAR LINEAR LINEAR LINEAR LINEAR LINEAR LINEAR LINEAR
LINEAR LINEAR LINEAR LINEAR LINEAR LINEAR LINEAR LINEAR LINEAR LINEAR LINEAR LINEAR
LINEAR LINEAR LINEAR LINEAR LINEAR LINEAR LINEAR LINEAR LINEAR LINEAR LINEAR LINEAR
LINEAR LINEAR LINEAR LINEAR LINEAR</Name_array><technique_common><accessor source="#mixamorig_Spine-Interpolations-array" count="64"><param type="name"/></accessor></technique_common></source><sampler id="mixamorig_Spine-Matrix-animation-transform"><input semantic="INPUT" source="#mixamorig_Spine-Matrix-animation-input"/><input semantic="OUTPUT" source="#mixamorig_Spine-Matrix-animation-output-transform"/><input semantic="INTERPOLATION" source="#mixamorig_Spine-Interpolations"/></sampler><channel source="#mixamorig_Spine-Matrix-animation-transform" target="mixamorig_Spine/matrix"/></animation>
    <animation id="mixamorig_Spine1-anim" name="mixamorig_Spine1"><source id="mixamorig_Spine1-Matrix-animation-input"><float_array id="mixamorig_Spine1-Matrix-animation-input-array" count="64">

0.000000 0.033333 0.066667 0.100000 0.133333 0.166667 0.200000 0.233333 0.266667 0.300000 0.333333 0.366667 0.400000 0.433333 0.466667 0.500000
0.533333 0.566667 0.600000 0.633333 0.666667 0.700000 0.733333 0.766667 0.800000 0.833333 0.866667 0.900000 0.933333 0.966667 1.000000 1.033333
1.066667 1.100000 1.133333 1.166667 1.200000 1.233333 1.266667 1.300000 1.333333 1.366667 1.400000 1.433333 1.466667 1.500000 1.533333 1.566667
1.600000 1.633333 1.666667 1.700000 1.733333 1.766667 1.800000 1.833333 1.866667 1.900000 1.933333 1.966667 2.000000 2.033333 2.066667 2.100000</float_array><technique_common><accessor source="#mixamorig_Spine1-Matrix-animation-input-array" count="64"><param name="TIME" type="float"/></accessor></technique_common></source><source id="mixamorig_Spine1-Matrix-animation-output-transform"><float_array id="mixamorig_Spine1-Matrix-animation-output-transform-array" count="1024">

0.996370 -0.080637 0.027292 0.000000 0.084344 0.978544 -0.187986 10.083500 -0.011548 0.189605 0.981792 -1.000800 0.000000 0.000000 0.000000 1.000000
0.996388 -0.080443 0.027184 -0.000000 0.084129 0.978617 -0.187701 10.083500 -0.011504 0.189310 0.981850 -1.000800 0.000000 0.000000 0.000000 1.000000
0.996404 -0.080289 0.027061 -0.000000 0.083951 0.978682 -0.187438 10.083500 -0.011435 0.189036 0.981904 -1.000800 0.000000 0.000000 0.000000 1.000000
0.996416 -0.080185 0.026937 -0.000000 0.083823 0.978734 -0.187227 10.083500 -0.011352 0.188814 0.981947 -1.000800 0.000000 0.000000 0.000000 1.000000
0.996423 -0.080146 0.026796 0.000000 0.083757 0.978769 -0.187070 10.083500 -0.011234 0.188645 0.981981 -1.000800 0.000000 0.000000 0.000000 1.000000
0.996426 -0.080152 0.026653 0.000000 0.083736 0.978772 -0.187065 10.083500 -0.011094 0.188629 0.981986 -1.000800 0.000000 0.000000 0.000000 1.000000
0.996427 -0.080184 0.026519 -0.000000 0.083743 0.978766 -0.187096 10.083500 -0.010954 0.188649 0.981984 -1.000800 0.000000 0.000000 0.000000 1.000000
0.996425 -0.080251 0.026392 0.000000 0.083785 0.978756 -0.187128 10.083500 -0.010814 0.188670 0.981981 -1.000800 0.000000 0.000000 0.000000 1.000000
0.996419 -0.080366 0.026283 0.000000 0.083877 0.978737 -0.187187 10.083500 -0.010681 0.188721 0.981973 -1.000800 0.000000 0.000000 0.000000 1.000000
0.996408 -0.080544 0.026155 0.000000 0.084031 0.978676 -0.187434 10.083500 -0.010501 0.188959 0.981929 -1.000800 0.000000 0.000000 0.000000 1.000000
0.996392 -0.080764 0.026073 -0.000000 0.084233 0.978621 -0.187634 10.083500 -0.010362 0.189153 0.981893 -1.000800 0.000000 0.000000 0.000000 1.000000
0.996373 -0.081027 0.025974 0.000000 0.084477 0.978535 -0.187971 10.083500 -0.010185 0.189483 0.981831 -1.000800 0.000000 0.000000 0.000000 1.000000
0.996352 -0.081289 0.025988 0.000000 0.084740 0.978449 -0.188302 10.083500 -0.010121 0.189817 0.981767 -1.000800 0.000000 0.000000 0.000000 1.000000
0.996327 -0.081576 0.026048 0.000000 0.085036 0.978354 -0.188658 10.083500 -0.010094 0.190180 0.981697 -1.000800 0.000000 0.000000 0.000000 1.000000
0.996299 -0.081889 0.026132 0.000000 0.085365 0.978233 -0.189137 10.083500 -0.010075 0.190668 0.981603 -1.000800 0.000000 0.000000 0.000000 1.000000
0.996267 -0.082226 0.026272 0.000000 0.085728 0.978104 -0.189640 10.083500 -0.010104 0.191184 0.981502 -1.000800 0.000000 0.000000 0.000000 1.000000
0.996234 -0.082589 0.026401 0.000000 0.086114 0.977975 -0.190130 10.083500 -0.010117 0.191687 0.981404 -1.000800 0.000000 0.000000 0.000000 1.000000
0.996198 -0.082970 0.026546 -0.000000 0.086521 0.977830 -0.190691 10.083500 -0.010136 0.192263 0.981291 -1.000800 0.000000 0.000000 0.000000 1.000000
0.996161 -0.083357 0.026718 0.000000 0.086941 0.977676 -0.191289 10.083500 -0.010176 0.192878 0.981170 -1.000800 0.000000 0.000000 0.000000 1.000000
0.996122 -0.083767 0.026889 0.000000 0.087383 0.977516 -0.191903 10.083500 -0.010209 0.193509 0.981045 -1.000800 0.000000 0.000000 0.000000 1.000000
0.996076 -0.084233 0.027144 0.000000 0.087897 0.977330 -0.192616 10.083500 -0.010304 0.194246 0.980899 -1.000800 0.000000 0.000000 0.000000 1.000000
0.996020 -0.084780 0.027501 -0.000000 0.088511 0.977119 -0.193401 10.083500 -0.010475 0.195066 0.980734 -1.000800 0.000000 0.000000 0.000000 1.000000
0.995958 -0.085385 0.027888 0.000000 0.089191 0.976862 -0.194385 10.083500 -0.010645 0.196087 0.980529 -1.000800 0.000000 0.000000 0.000000 1.000000
0.995892 -0.085997 0.028348 -0.000000 0.089892 0.976609 -0.195330 10.083500 -0.010887 0.197076 0.980328 -1.000800 0.000000 0.000000 0.000000 1.000000
0.995826 -0.086609 0.028813 0.000000 0.090596 0.976334 -0.196379 10.083500 -0.011123 0.198170 0.980105 -1.000800 0.000000 0.000000 0.000000 1.000000
0.995758 -0.087207 0.029346 0.000000 0.091299 0.976077 -0.197327 10.083500 -0.011436 0.199169 0.979898 -1.000800 0.000000 0.000000 0.000000 1.000000
0.995689 -0.087797 0.029928 0.000000 0.092005 0.975819 -0.198272 10.083500 -0.011797 0.200171 0.979690 -1.000800 0.000000 0.000000 0.000000 1.000000
0.995620 -0.088381 0.030483 0.000000 0.092700 0.975548 -0.199282 10.083500 -0.012125 0.201235 0.979468 -1.000800 0.000000 0.000000 0.000000 1.000000
0.995552 -0.088942 0.031074 -0.000000 0.093381 0.975287 -0.200240 10.083500 -0.012496 0.202251 0.979254 -1.000800 0.000000 0.000000 0.000000 1.000000
0.995484 -0.089479 0.031701 0.000000 0.094047 0.975031 -0.201171 10.083500 -0.012909 0.203244 0.979043 -1.000800 0.000000 0.000000 0.000000 1.000000
0.995419 -0.089991 0.032306 -0.000000 0.094683 0.974781 -0.202082 10.083500 -0.013306 0.204215 0.978836 -1.000800 0.000000 0.000000 0.000000 1.000000
0.995356 -0.090474 0.032888 0.000000 0.095288 0.974539 -0.202964 10.083500 -0.013687 0.205156 0.978634 -1.000800 0.000000 0.000000 0.000000 1.000000
0.995295 -0.090917 0.033486 0.000000 0.095857 0.974311 -0.203789 10.083500 -0.014098 0.206040 0.978442 -1.000800 0.000000 0.000000 0.000000 1.000000
0.995238 -0.091323 0.034069 0.000000 0.096385 0.974105 -0.204522 10.083500 -0.014510 0.206832 0.978269 -1.000800 0.000000 0.000000 0.000000 1.000000
0.995186 -0.091681 0.034626 0.000000 0.096861 0.973918 -0.205186 10.083500 -0.014912 0.207553 0.978110 -1.000800 0.000000 0.000000 0.000000 1.000000
0.995139 -0.091988 0.035159 0.000000 0.097281 0.973751 -0.205778 10.083500 -0.015307 0.208198 0.977967 -1.000800 0.000000 0.000000 0.000000 1.000000
0.995099 -0.092244 0.035627 -0.000000 0.097638 0.973602 -0.206313 10.083500 -0.015655 0.208781 0.977837 -1.000800 0.000000 0.000000 0.000000 1.000000
0.995064 -0.092442 0.036085 -0.000000 0.097934 0.973486 -0.206721 10.083500 -0.016019 0.209234 0.977734 -1.000800 0.000000 0.000000 0.000000 1.000000
0.995038 -0.092590 0.036411 0.000000 0.098152 0.973391 -0.207067 10.083500 -0.016270 0.209614 0.977649 -1.000800 0.000000 0.000000 0.000000 1.000000
0.995020 -0.092670 0.036698 0.000000 0.098295 0.973323 -0.207318 10.083500 -0.016507 0.209893 0.977585 -1.000800 0.000000 0.000000 0.000000 1.000000
0.995011 -0.092668 0.036951 0.000000 0.098348 0.973296 -0.207419 10.083500 -0.016743 0.210018 0.977554 -1.000800 0.000000 0.000000 0.000000 1.000000
0.995012 -0.092576 0.037155 0.000000 0.098299 0.973325 -0.207306 10.083500 -0.016973 0.209924 0.977570 -1.000800 0.000000 0.000000 0.000000 1.000000
0.995023 -0.092401 0.037289 0.000000 0.098154 0.973375 -0.207139 10.083500 -0.017156 0.209769 0.977601 -1.000800 0.000000 0.000000 0.000000 1.000000
0.995042 -0.092175 0.037348 0.000000 0.097941 0.973443 -0.206920 10.083500 -0.017283 0.209552 0.977645 -1.000800 0.000000 0.000000 0.000000 1.000000
0.995066 -0.091914 0.037343 0.000000 0.097679 0.973539 -0.206593 10.083500 -0.017366 0.209222 0.977714 -1.000800 0.000000 0.000000 0.000000 1.000000
0.995099 -0.091591 0.037270 -0.000000 0.097340 0.973669 -0.206138 10.083500 -0.017408 0.208756 0.977813 -1.000800 0.000000 0.000000 0.000000 1.000000
0.995145 -0.091175 0.037063 0.000000 0.096878 0.973844 -0.205530 10.083500 -0.017354 0.208123 0.977949 -1.000800 0.000000 0.000000 0.000000 1.000000
0.995204 -0.090655 0.036758 0.000000 0.096292 0.974068 -0.204743 10.083500 -0.017244 0.207301 0.978125 -1.000800 0.000000 0.000000 0.000000 1.000000
0.995272 -0.090063 0.036376 0.000000 0.095617 0.974326 -0.203827 10.083500 -0.017085 0.206341 0.978331 -1.000800 0.000000 0.000000 0.000000 1.000000
0.995345 -0.089425 0.035925 0.000000 0.094882 0.974609 -0.202819 10.083500 -0.016876 0.205283 0.978557 -1.000800 0.000000 0.000000 0.000000 1.000000
0.995425 -0.088755 0.035386 -0.000000 0.094097 0.974909 -0.201736 10.083500 -0.016593 0.204143 0.978801 -1.000800 0.000000 0.000000 0.000000 1.000000
0.995507 -0.088055 0.034809 -0.000000 0.093275 0.975223 -0.200598 10.083500 -0.016283 0.202944 0.979055 -1.000800 0.000000 0.000000 0.000000 1.000000
0.995592 -0.087330 0.034200 0.000000 0.092423 0.975537 -0.199463 10.083500 -0.015944 0.201744 0.979308 -1.000800 0.000000 0.000000 0.000000 1.000000
0.995678 -0.086596 0.033549 -0.000000 0.091552 0.975877 -0.198200 10.083500 -0.015577 0.200415 0.979587 -1.000800 0.000000 0.000000 0.000000 1.000000
0.995765 -0.085860 0.032873 0.000000 0.090677 0.976206 -0.196975 10.083500 -0.015179 0.199122 0.979857 -1.000800 0.000000 0.000000 0.000000 1.000000
0.995850 -0.085130 0.032187 0.000000 0.089805 0.976533 -0.195750 10.083500 -0.014767 0.197828 0.980125 -1.000800 0.000000 0.000000 0.000000 1.000000
0.995933 -0.084418 0.031477 0.000000 0.088950 0.976836 -0.194628 10.083500 -0.014318 0.196637 0.980372 -1.000800 0.000000 0.000000 0.000000 1.000000
0.996013 -0.083727 0.030800 0.000000 0.088123 0.977150 -0.193423 10.083500 -0.013902 0.195366 0.980632 -1.000800 0.000000 0.000000 0.000000 1.000000
0.996088 -0.083075 0.030129 0.000000 0.087336 0.977443 -0.192298 10.083500 -0.013474 0.194177 0.980874 -1.000800 0.000000 0.000000 0.000000 1.000000
0.996158 -0.082464 0.029478 0.000000 0.086596 0.977710 -0.191269 10.083500 -0.013049 0.193087 0.981095 -1.000800 0.000000 0.000000 0.000000 1.000000
0.996222 -0.081908 0.028843 0.000000 0.085915 0.977969 -0.190251 10.083500 -0.012625 0.192010 0.981312 -1.000800 0.000000 0.000000 0.000000 1.000000
0.996279 -0.081418 0.028263 -0.000000 0.085312 0.978183 -0.189417 10.083500 -0.012224 0.191124 0.981490 -1.000800 0.000000 0.000000 0.000000 1.000000
0.996328 -0.080998 0.027747 0.000000 0.084793 0.978382 -0.188626 10.083500 -0.011869 0.190286 0.981657 -1.000800 0.000000 0.000000 0.000000 1.000000
0.996370 -0.080651 0.027259 -0.000000 0.084350 0.978546 -0.187971 10.083500 -0.011514 0.189588 0.981796 -1.000800 0.000000 0.000000 0.000000 1.000000</float_array><technique_common><accessor source="#mixamorig_Spine1-Matrix-animation-output-transform-array" count="64" stride="16"><param type="float4x4"/></accessor></technique_common></source><source id="mixamorig_Spine1-Interpolations"><Name_array id="mixamorig_Spine1-Interpolations-array" count="64">
 LINEAR LINEAR LINEAR LINEAR LINEAR LINEAR LINEAR LINEAR LINEAR LINEAR LINEAR
LINEAR LINEAR LINEAR LINEAR LINEAR LINEAR LINEAR LINEAR LINEAR LINEAR LINEAR LINEAR
LINEAR LINEAR LINEAR LINEAR LINEAR LINEAR LINEAR LINEAR LINEAR LINEAR LINEAR LINEAR
LINEAR LINEAR LINEAR LINEAR LINEAR LINEAR LINEAR LINEAR LINEAR LINEAR LINEAR LINEAR
LINEAR LINEAR LINEAR LINEAR LINEAR LINEAR LINEAR LINEAR LINEAR LINEAR LINEAR LINEAR
LINEAR LINEAR LINEAR LINEAR LINEAR</Name_array><technique_common><accessor source="#mixamorig_Spine1-Interpolations-array" count="64"><param type="name"/></accessor></technique_common></source><sampler id="mixamorig_Spine1-Matrix-animation-transform"><input semantic="INPUT" source="#mixamorig_Spine1-Matrix-animation-input"/><input semantic="OUTPUT" source="#mixamorig_Spine1-Matrix-animation-output-transform"/><input semantic="INTERPOLATION" source="#mixamorig_Spine1-Interpolations"/></sampler><channel source="#mixamorig_Spine1-Matrix-animation-transform" target="mixamorig_Spine1/matrix"/></animation>
    <animation id="mixamorig_Spine2-anim" name="mixamorig_Spine2"><source id="mixamorig_Spine2-Matrix-animation-input"><float_array id="mixamorig_Spine2-Matrix-animation-input-array" count="64">

0.000000 0.033333 0.066667 0.100000 0.133333 0.166667 0.200000 0.233333 0.266667 0.300000 0.333333 0.366667 0.400000 0.433333 0.466667 0.500000
0.533333 0.566667 0.600000 0.633333 0.666667 0.700000 0.733333 0.766667 0.800000 0.833333 0.866667 0.900000 0.933333 0.966667 1.000000 1.033333
1.066667 1.100000 1.133333 1.166667 1.200000 1.233333 1.266667 1.300000 1.333333 1.366667 1.400000 1.433333 1.466667 1.500000 1.533333 1.566667
1.600000 1.633333 1.666667 1.700000 1.733333 1.766667 1.800000 1.833333 1.866667 1.900000 1.933333 1.966667 2.000000 2.033333 2.066667 2.100000</float_array><technique_common><accessor source="#mixamorig_Spine2-Matrix-animation-input-array" count="64"><param name="TIME" type="float"/></accessor></technique_common></source><source id="mixamorig_Spine2-Matrix-animation-output-transform"><float_array id="mixamorig_Spine2-Matrix-animation-output-transform-array" count="1024">

0.996438 -0.075976 0.036597 0.000000 0.082683 0.965540 -0.246773 9.100000 -0.016587 0.248920 0.968382 -1.373400 0.000000 0.000000 0.000000 1.000000
0.996418 -0.076372 0.036298 0.000000 0.082977 0.965756 -0.245824 9.100000 -0.016281 0.247956 0.968635 -1.373400 0.000000 0.000000 0.000000 1.000000
0.996401 -0.076745 0.036000 0.000000 0.083250 0.965956 -0.244944 9.100000 -0.015977 0.247060 0.968869 -1.373400 0.000000 0.000000 0.000000 1.000000
0.996385 -0.077076 0.035714 -0.000000 0.083488 0.966132 -0.244170 9.100000 -0.015685 0.246269 0.969075 -1.373400 0.000000 0.000000 0.000000 1.000000
0.996373 -0.077369 0.035429 -0.000000 0.083691 0.966282 -0.243504 9.100000 -0.015395 0.245586 0.969252 -1.373400 0.000000 0.000000 0.000000 1.000000
0.996363 -0.077607 0.035174 0.000000 0.083852 0.966382 -0.243053 9.100000 -0.015129 0.245118 0.969375 -1.373400 0.000000 0.000000 0.000000 1.000000
0.996358 -0.077765 0.034968 -0.000000 0.083950 0.966458 -0.242715 9.100000 -0.014920 0.244767 0.969467 -1.373400 0.000000 0.000000 0.000000 1.000000
0.996356 -0.077865 0.034804 0.000000 0.084003 0.966517 -0.242462 9.100000 -0.014760 0.244503 0.969536 -1.373400 0.000000 0.000000 0.000000 1.000000
0.996356 -0.077924 0.034666 0.000000 0.084024 0.966551 -0.242322 9.100000 -0.014624 0.244352 0.969576 -1.373400 0.000000 0.000000 0.000000 1.000000
0.996358 -0.077969 0.034514 0.000000 0.084033 0.966517 -0.242453 9.100000 -0.014454 0.244470 0.969549 -1.373400 0.000000 0.000000 0.000000 1.000000
0.996362 -0.077968 0.034416 -0.000000 0.084010 0.966475 -0.242629 9.100000 -0.014345 0.244638 0.969508 -1.373400 0.000000 0.000000 0.000000 1.000000
0.996369 -0.077916 0.034334 0.000000 0.083945 0.966379 -0.243032 9.100000 -0.014244 0.245032 0.969410 -1.373400 0.000000 0.000000 0.000000 1.000000
0.996380 -0.077787 0.034290 -0.000000 0.083817 0.966268 -0.243516 9.100000 -0.014191 0.245509 0.969290 -1.373400 0.000000 0.000000 0.000000 1.000000
0.996395 -0.077589 0.034311 0.000000 0.083639 0.966135 -0.244105 9.100000 -0.014209 0.246094 0.969142 -1.373400 0.000000 0.000000 0.000000 1.000000
0.996412 -0.077348 0.034367 0.000000 0.083430 0.965955 -0.244888 9.100000 -0.014255 0.246877 0.968942 -1.373400 0.000000 0.000000 0.000000 1.000000
0.996431 -0.077054 0.034480 0.000000 0.083186 0.965752 -0.245770 9.100000 -0.014361 0.247761 0.968715 -1.373400 0.000000 0.000000 0.000000 1.000000
0.996452 -0.076721 0.034591 0.000000 0.082905 0.965536 -0.246712 9.100000 -0.014471 0.248705 0.968471 -1.373400 0.000000 0.000000 0.000000 1.000000
0.996476 -0.076356 0.034727 0.000000 0.082601 0.965288 -0.247783 9.100000 -0.014602 0.249779 0.968193 -1.373400 0.000000 0.000000 0.000000 1.000000
