<?xml version="1.0" encoding="utf-8"?>
<COLLADA xmlns="http://www.collada.org/2005/11/COLLADASchema" version="1.4.1">
  <asset><contributor><author>Mixamo</author><authoring_tool>COLLADA Mixamo exporter</authoring_tool><comments></comments></contributor><created>2019-03-19T12:33:48Z</created><modified>2019-03-19T12:33:48Z</modified><revision></revision><title></title><unit meter="0.010000"/><up_axis>Y_UP</up_axis></asset>
  <library_animations>
    <animation id="mixamorig_Hips-anim" name="mixamorig_Hips"><source id="mixamorig_Hips-Matrix-animation-input"><float_array id="mixamorig_Hips-Matrix-animation-input-array" count="99">

0.000000 0.033333 0.066667 0.100000 0.133333 0.166667 0.200000 0.233333 0.266667 0.300000 0.333333 0.366667 0.400000 0.433333 0.466667 0.500000
0.533333 0.566667 0.600000 0.633333 0.666667 0.700000 0.733333 0.766667 0.800000 0.833333 0.866667 0.900000 0.933333 0.966667 1.000000 1.033333
1.066667 1.100000 1.133333 1.166667 1.200000 1.233333 1.266667 1.300000 1.333333 1.366667 1.400000 1.433333 1.466667 1.500000 1.533333 1.566667
1.600000 1.633333 1.666667 1.700000 1.733333 1.766667 1.800000 1.833333 1.866667 1.900000 1.933333 1.966667 2.000000 2.033333 2.066667 2.100000
2.133333 2.166667 2.200000 2.233333 2.266667 2.300000 2.333333 2.366667 2.400000 2.433333 2.466667 2.500000 2.533333 2.566667 2.600000 2.633333
2.666667 2.700000 2.733333 2.766667 2.800000 2.833333 2.866667 2.900000 2.933333 2.966667 3.000000 3.033333 3.066667 3.100000 3.133333 3.166667
3.200000 3.233333 3.266667</float_array><technique_common><accessor source="#mixamorig_Hips-Matrix-animation-input-array" count="99"><param name="TIME" type="float"/></accessor></technique_common></source><source id="mixamorig_Hips-Matrix-animation-output-transform"><float_array id="mixamorig_Hips-Matrix-animation-output-transform-array" count="1584">

0.729335 0.053338 -0.682074 -0.949764 -0.000423 0.996991 0.077512 96.935684 0.684156 -0.056243 0.727164 0.953023 0.000000 0.000000 0.000000 1.000000
0.729335 0.053338 -0.682074 -0.949764 -0.000423 0.996991 0.077512 96.935684 0.684156 -0.056243 0.727164 0.953023 0.000000 0.000000 0.000000 1.000000
0.731396 0.053753 -0.679832 -0.928859 -0.002202 0.997070 0.076468 96.900055 0.681950 -0.054432 0.729371 0.943778 0.000000 0.000000 0.000000 1.000000
0.734351 0.054503 -0.676578 -0.852750 -0.006502 0.997290 0.073282 96.795517 0.678739 -0.049416 0.732716 0.949700 0.000000 0.000000 0.000000 1.000000
0.736379 0.055273 -0.674308 -0.714322 -0.011629 0.997544 0.069069 96.654022 0.676469 -0.043019 0.735213 1.013300 0.000000 0.000000 0.000000 1.000000
0.738920 0.055859 -0.671473 -0.503552 -0.017653 0.997821 0.063581 96.475655 0.673562 -0.035128 0.738296 1.176590 0.000000 0.000000 0.000000 1.000000
0.742102 0.055697 -0.667969 -0.262834 -0.024118 0.998115 0.056431 96.293747 0.669853 -0.025768 0.742047 1.483805 0.000000 0.000000 0.000000 1.000000
0.744955 0.054196 -0.664910 -0.004333 -0.029726 0.998401 0.048073 96.132370 0.666453 -0.016047 0.745375 1.935025 0.000000 0.000000 0.000000 1.000000
0.747801 0.051499 -0.661923 0.304914 -0.035079 0.998659 0.038067 96.004585 0.662996 -0.005246 0.748605 2.566584 0.000000 0.000000 0.000000 1.000000
0.749793 0.047749 -0.659948 0.689473 -0.039955 0.998840 0.026875 95.900009 0.660465 0.006218 0.750831 3.355612 0.000000 0.000000 0.000000 1.000000
0.750960 0.043380 -0.658922 1.142813 -0.044647 0.998892 0.014879 95.795601 0.658837 0.018246 0.752064 4.289690 0.000000 0.000000 0.000000 1.000000
0.748221 0.038983 -0.662304 1.691759 -0.051034 0.998696 0.001128 95.768425 0.661484 0.032956 0.749235 5.373745 0.000000 0.000000 0.000000 1.000000
0.741359 0.034957 -0.670197 2.297860 -0.057552 0.998275 -0.011594 95.871696 0.668636 0.047167 0.742092 6.628462 0.000000 0.000000 0.000000 1.000000
0.736680 0.031643 -0.675501 2.927410 -0.065048 0.997588 -0.024209 96.083473 0.673106 0.061774 0.736961 8.002285 0.000000 0.000000 0.000000 1.000000
0.725857 0.024553 -0.687407 3.609236 -0.075591 0.996157 -0.044239 96.441887 0.683679 0.084073 0.724924 9.416056 0.000000 0.000000 0.000000 1.000000
0.712586 0.019879 -0.701303 4.306153 -0.087362 0.994333 -0.060582 96.883965 0.696124 0.104437 0.710284 10.808890 0.000000 0.000000 0.000000 1.000000
0.696310 0.018550 -0.717502 4.936911 -0.099474 0.992513 -0.070877 97.360023 0.710815 0.120725 0.692941 12.124296 0.000000 0.000000 0.000000 1.000000
0.681472 0.018463 -0.731611 5.510457 -0.112901 0.990367 -0.080171 97.817757 0.723083 0.137234 0.676992 13.312439 0.000000 0.000000 0.000000 1.000000
0.670785 0.019871 -0.741385 6.020146 -0.125742 0.988216 -0.087281 98.259720 0.730915 0.151770 0.665379 14.414956 0.000000 0.000000 0.000000 1.000000
0.659167 0.021544 -0.751688 6.459363 -0.137209 0.986255 -0.092054 98.668083 0.739373 0.163818 0.653063 15.413351 0.000000 0.000000 0.000000 1.000000
0.647727 0.025350 -0.761451 6.773868 -0.147648 0.984675 -0.092815 99.005859 0.747429 0.172545 0.641544 16.360909 0.000000 0.000000 0.000000 1.000000
0.637668 0.029083 -0.769762 6.957039 -0.157946 0.982992 -0.093702 99.227264 0.753945 0.181331 0.631416 17.223042 0.000000 0.000000 0.000000 1.000000
0.628962 0.032541 -0.776755 7.023729 -0.167416 0.981352 -0.094450 99.323219 0.759196 0.189447 0.622681 17.946524 0.000000 0.000000 0.000000 1.000000
0.619190 0.031727 -0.784600 7.043922 -0.173514 0.980013 -0.097305 99.309647 0.765831 0.196389 0.612319 18.556309 0.000000 0.000000 0.000000 1.000000
0.610396 0.029793 -0.791536 7.050149 -0.178624 0.978729 -0.100907 99.327019 0.771693 0.202981 0.602734 19.197836 0.000000 0.000000 0.000000 1.000000
0.603661 0.028651 -0.796726 7.033338 -0.181911 0.977941 -0.102663 99.364571 0.776210 0.206907 0.595557 19.833092 0.000000 0.000000 0.000000 1.000000
0.598363 0.026481 -0.800788 6.961275 -0.181922 0.977840 -0.103599 99.297867 0.780299 0.207671 0.589921 20.373573 0.000000 0.000000 0.000000 1.000000
0.595998 0.024773 -0.802603 6.801680 -0.180516 0.978073 -0.103859 99.040344 0.782432 0.206783 0.587402 20.800489 0.000000 0.000000 0.000000 1.000000
0.596071 0.026598 -0.802491 6.640974 -0.182693 0.977729 -0.103293 99.005600 0.781871 0.208179 0.587655 21.309189 0.000000 0.000000 0.000000 1.000000
0.593065 0.025166 -0.804761 6.584715 -0.181047 0.978083 -0.102836 98.898369 0.784535 0.206688 0.584624 21.796772 0.000000 0.000000 0.000000 1.000000
0.584057 0.025579 -0.811310 6.518587 -0.183374 0.977822 -0.101181 98.947792 0.790729 0.207869 0.575794 22.389156 0.000000 0.000000 0.000000 1.000000
0.571342 0.023061 -0.820388 6.588811 -0.186007 0.977232 -0.102071 99.055946 0.799356 0.210916 0.562623 23.035719 0.000000 0.000000 0.000000 1.000000
0.552671 0.018121 -0.833203 6.801155 -0.190456 0.976053 -0.105103 99.357178 0.811345 0.216776 0.542887 23.814972 0.000000 0.000000 0.000000 1.000000
0.527189 0.010674 -0.849681 7.116504 -0.196030 0.974478 -0.109386 99.732315 0.826828 0.224230 0.515826 24.539062 0.000000 0.000000 0.000000 1.000000
0.500593 0.003620 -0.865675 7.491018 -0.198991 0.973695 -0.110999 100.103920 0.842502 0.227827 0.488145 25.049232 0.000000 0.000000 0.000000 1.000000
0.483188 -0.000307 -0.875516 7.858047 -0.201097 0.973225 -0.111325 100.524666 0.852109 0.229854 0.470189 25.384693 0.000000 0.000000 0.000000 1.000000
0.483130 -0.001805 -0.875547 8.073955 -0.201969 0.972798 -0.113452 100.794296 0.851935 0.231646 0.469623 25.544033 0.000000 0.000000 0.000000 1.000000
0.490261 -0.003803 -0.871567 8.169580 -0.198971 0.973096 -0.116169 100.767136 0.848560 0.230370 0.476315 25.534431 0.000000 0.000000 0.000000 1.000000
0.495615 -0.005383 -0.868526 8.171906 -0.194190 0.973980 -0.116849 100.499931 0.846555 0.226571 0.481674 25.451450 0.000000 0.000000 0.000000 1.000000
0.498061 -0.005665 -0.867123 8.100948 -0.191025 0.974696 -0.116090 100.245789 0.845839 0.223462 0.484376 25.458668 0.000000 0.000000 0.000000 1.000000
0.496147 -0.003784 -0.868230 8.065376 -0.192040 0.974745 -0.113989 100.285645 0.846734 0.223291 0.482890 25.632866 0.000000 0.000000 0.000000 1.000000
0.489768 -0.005412 -0.871836 8.107829 -0.191518 0.974888 -0.113639 100.323593 0.850558 0.222629 0.476433 25.774895 0.000000 0.000000 0.000000 1.000000
0.479175 -0.009186 -0.877671 8.174777 -0.192776 0.974428 -0.115447 100.457466 0.856288 0.224513 0.465151 25.833345 0.000000 0.000000 0.000000 1.000000
0.470552 -0.011435 -0.882298 8.219968 -0.195554 0.973699 -0.116913 100.682663 0.860430 0.227550 0.455940 25.769112 0.000000 0.000000 0.000000 1.000000
0.468064 -0.010868 -0.883628 8.205629 -0.199226 0.972884 -0.117497 100.953720 0.860945 0.231037 0.453207 25.586628 0.000000 0.000000 0.000000 1.000000
0.468250 -0.012802 -0.883503 8.164984 -0.200028 0.972401 -0.120104 101.122978 0.860657 0.232964 0.452766 25.263790 0.000000 0.000000 0.000000 1.000000
0.467828 -0.015789 -0.883678 8.114556 -0.199640 0.972111 -0.123061 101.259460 0.860977 0.233989 0.451629 24.862093 0.000000 0.000000 0.000000 1.000000
0.468546 -0.019167 -0.883231 8.040762 -0.197984 0.972057 -0.126123 101.383064 0.860969 0.233960 0.451659 24.355717 0.000000 0.000000 0.000000 1.000000
0.469647 -0.022635 -0.882564 7.931803 -0.195269 0.972249 -0.128845 101.436691 0.860989 0.232850 0.452194 23.749218 0.000000 0.000000 0.000000 1.000000
0.471116 -0.026215 -0.881681 7.773824 -0.191753 0.972610 -0.131380 101.438026 0.860976 0.230961 0.453185 23.118309 0.000000 0.000000 0.000000 1.000000
0.473244 -0.029924 -0.880423 7.558054 -0.187185 0.973184 -0.133693 101.383568 0.860815 0.228071 0.454952 22.439838 0.000000 0.000000 0.000000 1.000000
0.475763 -0.033615 -0.878931 7.269051 -0.180931 0.974159 -0.135194 101.332283 0.860763 0.223347 0.457387 21.692387 0.000000 0.000000 0.000000 1.000000
0.479901 -0.038689 -0.876469 6.940676 -0.174453 0.974869 -0.138552 101.302979 0.859803 0.219394 0.461091 20.870108 0.000000 0.000000 0.000000 1.000000
0.487128 -0.043267 -0.872258 6.575967 -0.168528 0.975342 -0.142498 101.289246 0.856916 0.216414 0.467825 19.976866 0.000000 0.000000 0.000000 1.000000
0.496419 -0.047203 -0.866798 6.204219 -0.162528 0.975810 -0.146219 101.222328 0.852732 0.213465 0.476739 19.009785 0.000000 0.000000 0.000000 1.000000
0.506136 -0.050771 -0.860958 5.815975 -0.156296 0.976337 -0.149457 101.107803 0.848173 0.210210 0.486225 17.990559 0.000000 0.000000 0.000000 1.000000
0.515999 -0.055228 -0.854807 5.364528 -0.147397 0.977310 -0.152118 100.908295 0.843812 0.204489 0.496150 16.833666 0.000000 0.000000 0.000000 1.000000
0.527330 -0.060660 -0.847492 4.837114 -0.135108 0.978770 -0.154124 100.656937 0.838850 0.195777 0.507939 15.566966 0.000000 0.000000 0.000000 1.000000
0.540034 -0.065350 -0.839103 4.250948 -0.121412 0.980504 -0.154502 100.332291 0.832840 0.185314 0.521571 14.192007 0.000000 0.000000 0.000000 1.000000
0.556137 -0.067979 -0.828306 3.542869 -0.105349 0.982843 -0.151395 99.897827 0.824386 0.171458 0.539434 12.639620 0.000000 0.000000 0.000000 1.000000
0.576554 -0.068300 -0.814199 2.753225 -0.087680 0.985574 -0.144764 99.417336 0.812341 0.154853 0.562248 11.031055 0.000000 0.000000 0.000000 1.000000
0.599843 -0.066281 -0.797368 1.894425 -0.071861 0.988073 -0.136192 98.983818 0.796885 0.138993 0.587925 9.481687 0.000000 0.000000 0.000000 1.000000
0.621713 -0.064018 -0.780624 1.032256 -0.058838 0.990021 -0.128051 98.636322 0.781032 0.125541 0.611743 7.988860 0.000000 0.000000 0.000000 1.000000
0.635107 -0.064382 -0.769736 0.261502 -0.045779 0.991631 -0.120714 98.385437 0.771066 0.111903 0.626845 6.579370 0.000000 0.000000 0.000000 1.000000
0.640951 -0.065263 -0.764802 -0.430980 -0.032988 0.993116 -0.112391 98.308372 0.766872 0.097267 0.634386 5.360317 0.000000 0.000000 0.000000 1.000000
0.643281 -0.065944 -0.762785 -1.050052 -0.021276 0.994359 -0.103906 98.380569 0.765335 0.083070 0.638249 4.289402 0.000000 0.000000 0.000000 1.000000
0.644830 -0.065645 -0.761502 -1.635096 -0.008276 0.995647 -0.092837 98.606232 0.764282 0.066166 0.641479 3.436697 0.000000 0.000000 0.000000 1.000000
0.647487 -0.067084 -0.759118 -2.164301 0.004438 0.996433 -0.084271 98.860168 0.762063 0.051196 0.645475 2.744232 0.000000 0.000000 0.000000 1.000000
0.649338 -0.066703 -0.757570 -2.637828 0.016025 0.997125 -0.074059 99.083008 0.760332 0.035949 0.648540 2.197171 0.000000 0.000000 0.000000 1.000000
0.654359 -0.065412 -0.753349 -3.055253 0.027331 0.997647 -0.062884 99.247437 0.755690 0.020559 0.654607 1.798667 0.000000 0.000000 0.000000 1.000000
0.658346 -0.065091 -0.749896 -3.375700 0.036595 0.997844 -0.054486 99.363571 0.751825 0.008429 0.659309 1.550658 0.000000 0.000000 0.000000 1.000000
0.663507 -0.063901 -0.745436 -3.650207 0.043920 0.997954 -0.046454 99.409050 0.746880 -0.001917 0.664956 1.384644 0.000000 0.000000 0.000000 1.000000
0.669299 -0.060809 -0.740501 -3.871426 0.048575 0.998094 -0.038058 99.398643 0.741404 -0.010497 0.670977 1.308291 0.000000 0.000000 0.000000 1.000000
0.673293 -0.057986 -0.737099 -4.000417 0.051698 0.998172 -0.031300 99.334770 0.737566 -0.017032 0.675060 1.304234 0.000000 0.000000 0.000000 1.000000
0.676180 -0.054314 -0.734731 -4.039720 0.052120 0.998307 -0.025832 99.221367 0.734890 -0.020827 0.677866 1.360928 0.000000 0.000000 0.000000 1.000000
0.679140 -0.050230 -0.732288 -4.059140 0.052052 0.998440 -0.020212 99.038734 0.732161 -0.024391 0.680695 1.461963 0.000000 0.000000 0.000000 1.000000
0.682169 -0.045666 -0.729767 -4.120924 0.051365 0.998575 -0.014472 98.744385 0.729388 -0.027612 0.683542 1.584243 0.000000 0.000000 0.000000 1.000000
0.685254 -0.040581 -0.727173 -4.159823 0.049970 0.998713 -0.008646 98.271935 0.726588 -0.030412 0.686400 1.739909 0.000000 0.000000 0.000000 1.000000
0.688417 -0.034769 -0.724481 -4.166288 0.047540 0.998866 -0.002764 97.657402 0.723755 -0.032539 0.689289 1.938104 0.000000 0.000000 0.000000 1.000000
0.691595 -0.028424 -0.721726 -4.077065 0.044333 0.999012 0.003138 97.010086 0.720924 -0.034166 0.692171 2.135278 0.000000 0.000000 0.000000 1.000000
0.694757 -0.022099 -0.718905 -3.931282 0.041122 0.999113 0.009028 96.538193 0.718068 -0.035836 0.695049 2.322399 0.000000 0.000000 0.000000 1.000000
0.697837 -0.015815 -0.716082 -3.777960 0.038202 0.999155 0.015162 96.104126 0.715237 -0.037937 0.697851 2.451727 0.000000 0.000000 0.000000 1.000000
0.700896 -0.009585 -0.713199 -3.569463 0.035018 0.999166 0.020985 95.852417 0.712403 -0.039684 0.700648 2.517975 0.000000 0.000000 0.000000 1.000000
0.703948 -0.003314 -0.710243 -3.344481 0.031643 0.999143 0.026701 95.909569 0.709546 -0.041270 0.703450 2.639285 0.000000 0.000000 0.000000 1.000000
0.706906 0.002591 -0.707303 -3.154809 0.028627 0.999069 0.032270 96.218880 0.706728 -0.043060 0.706174 2.624986 0.000000 0.000000 0.000000 1.000000
0.709753 0.008265 -0.704402 -2.841796 0.025746 0.998959 0.037662 96.677681 0.703980 -0.044866 0.708801 2.613775 0.000000 0.000000 0.000000 1.000000
0.712461 0.013819 -0.701576 -2.533214 0.022817 0.998821 0.042844 97.077377 0.701341 -0.046532 0.711305 2.556446 0.000000 0.000000 0.000000 1.000000
0.714979 0.019264 -0.698880 -2.308679 0.019800 0.998662 0.047782 97.230896 0.698865 -0.048001 0.713641 2.485038 0.000000 0.000000 0.000000 1.000000
0.717324 0.024527 -0.696308 -2.124405 0.016770 0.998483 0.052448 97.298119 0.696538 -0.049299 0.715825 2.477823 0.000000 0.000000 0.000000 1.000000
0.719482 0.029450 -0.693887 -1.939192 0.013927 0.998288 0.056810 97.320206 0.694372 -0.050537 0.717840 2.398172 0.000000 0.000000 0.000000 1.000000
0.721459 0.034029 -0.691621 -1.785154 0.011246 0.998084 0.060838 97.331123 0.692366 -0.051670 0.719694 2.242103 0.000000 0.000000 0.000000 1.000000
0.723247 0.038307 -0.689526 -1.636783 0.008644 0.997880 0.064504 97.322388 0.690535 -0.052612 0.721383 2.117012 0.000000 0.000000 0.000000 1.000000
0.724816 0.042069 -0.687657 -1.453379 0.006396 0.997680 0.067776 97.297203 0.688912 -0.053524 0.722866 1.902551 0.000000 0.000000 0.000000 1.000000
0.726145 0.045206 -0.686054 -1.285783 0.004628 0.997492 0.070626 97.253548 0.687526 -0.054460 0.724115 1.640302 0.000000 0.000000 0.000000 1.000000
0.727248 0.047842 -0.684705 -1.169681 0.003144 0.997325 0.073025 97.197136 0.686368 -0.055260 0.725152 1.442586 0.000000 0.000000 0.000000 1.000000
0.728127 0.049991 -0.683616 -1.097183 0.001897 0.997186 0.074942 97.134270 0.685439 -0.055865 0.725984 1.265851 0.000000 0.000000 0.000000 1.000000
0.728784 0.051723 -0.682787 -1.039718 0.000766 0.997081 0.076349 97.069542 0.684743 -0.056165 0.726617 1.144704 0.000000 0.000000 0.000000 1.000000
0.729199 0.052915 -0.682253 -0.991183 -0.000104 0.997014 0.077216 97.004570 0.684302 -0.056235 0.727027 1.044342 0.000000 0.000000 0.000000 1.000000
0.729335 0.053324 -0.682075 -0.949818 -0.000424 0.996993 0.077490 96.935661 0.684156 -0.056228 0.727165 0.953148 0.000000 0.000000 0.000000 1.000000</float_array><technique_common><accessor source="#mixamorig_Hips-Matrix-animation-output-transform-array" count="99" stride="16"><param type="float4x4"/></accessor></technique_common></source><source id="mixamorig_Hips-Interpolations"><Name_array id="mixamorig_Hips-Interpolations-array" count="99">
 LINEAR LINEAR LINEAR LINEAR LINEAR LINEAR LINEAR LINEAR LINEAR LINEAR LINEAR
LINEAR LINEAR LINEAR LINEAR LINEAR LINEAR LINEAR LINEAR LINEAR LINEAR LINEAR LINEAR
LINEAR LINEAR LINEAR LINEAR LINEAR LINEAR LINEAR LINEAR LINEAR LINEAR LINEAR LINEAR
LINEAR LINEAR LINEAR LINEAR LINEAR LINEAR LINEAR LINEAR LINEAR LINEAR LINEAR LINEAR
LINEAR LINEAR LINEAR LINEAR LINEAR LINEAR LINEAR LINEAR LINEAR LINEAR LINEAR LINEAR
LINEAR LINEAR LINEAR LINEAR LINEAR LINEAR LINEAR LINEAR LINEAR LINEAR LINEAR LINEAR
LINEAR LINEAR LINEAR LINEAR LINEAR LINEAR LINEAR LINEAR LINEAR LINEAR LINEAR LINEAR
LINEAR LINEAR LINEAR LINEAR LINEAR LINEAR LINEAR LINEAR LINEAR LINEAR LINEAR LINEAR
LINEAR LINEAR LINEAR LINEAR</Name_array><technique_common><accessor source="#mixamorig_Hips-Interpolations-array" count="99"><param type="name"/></accessor></technique_common></source><sampler id="mixamorig_Hips-Matrix-animation-transform"><input semantic="INPUT" source="#mixamorig_Hips-Matrix-animation-input"/><input semantic="OUTPUT" source="#mixamorig_Hips-Matrix-animation-output-transform"/><input semantic="INTERPOLATION" source="#mixamorig_Hips-Interpolations"/></sampler><channel source="#mixamorig_Hips-Matrix-animation-transform" target="mixamorig_Hips/matrix"/></animation>
    <animation id="mixamorig_Spine-anim" name="mixamorig_Spine"><source id="mixamorig_Spine-Matrix-animation-input"><float_array id="mixamorig_Spine-Matrix-animation-input-array" count="99">

0.000000 0.033333 0.066667 0.100000 0.133333 0.166667 0.200000 0.233333 0.266667 0.300000 0.333333 0.366667 0.400000 0.433333 0.466667 0.500000
0.533333 0.566667 0.600000 0.633333 0.666667 0.700000 0.733333 0.766667 0.800000 0.833333 0.866667 0.900000 0.933333 0.966667 1.000000 1.033333
1.066667 1.100000 1.133333 1.166667 1.200000 1.233333 1.266667 1.300000 1.333333 1.366667 1.400000 1.433333 1.466667 1.500000 1.533333 1.566667
1.600000 1.633333 1.666667 1.700000 1.733333 1.766667 1.800000 1.833333 1.866667 1.900000 1.933333 1.966667 2.000000 2.033333 2.066667 2.100000
2.133333 2.166667 2.200000 2.233333 2.266667 2.300000 2.333333 2.366667 2.400000 2.433333 2.466667 2.500000 2.533333 2.566667 2.600000 2.633333
2.666667 2.700000 2.733333 2.766667 2.800000 2.833333 2.866667 2.900000 2.933333 2.966667 3.000000 3.033333 3.066667 3.100000 3.133333 3.166667
3.200000 3.233333 3.266667</float_array><technique_common><accessor source="#mixamorig_Spine-Matrix-animation-input-array" count="99"><param name="TIME" type="float"/></accessor></technique_common></source><source id="mixamorig_Spine-Matrix-animation-output-transform"><float_array id="mixamorig_Spine-Matrix-animation-output-transform-array" count="1584">

0.996557 0.018874 0.080736 -0.000000 -0.010652 0.994822 -0.101076 10.181600 -0.082226 0.099868 0.991597 0.131500 0.000000 0.000000 0.000000 1.000000
0.996557 0.018874 0.080736 -0.000000 -0.010652 0.994822 -0.101076 10.181600 -0.082226 0.099868 0.991597 0.131500 0.000000 0.000000 0.000000 1.000000
0.996584 0.018485 0.080490 0.000000 -0.010280 0.994815 -0.101184 10.181600 -0.081943 0.100011 0.991606 0.131500 0.000000 0.000000 0.000000 1.000000
0.996651 0.017649 0.079845 0.000000 -0.009491 0.994799 -0.101413 10.181600 -0.081220 0.100315 0.991635 0.131500 0.000000 0.000000 0.000000 1.000000
0.996702 0.016594 0.079434 -0.000000 -0.008440 0.994758 -0.101908 10.181600 -0.080709 0.100901 0.991617 0.131500 0.000000 0.000000 0.000000 1.000000
0.996687 0.015460 0.079851 0.000000 -0.007214 0.994702 -0.102549 10.181600 -0.081013 0.101634 0.991518 0.131500 0.000000 0.000000 0.000000 1.000000
0.996647 0.014508 0.080521 -0.000000 -0.006135 0.994634 -0.103270 10.181600 -0.081588 0.102429 0.991389 0.131500 0.000000 0.000000 0.000000 1.000000
0.996654 0.014247 0.080484 -0.000000 -0.005814 0.994555 -0.104050 10.181600 -0.081528 0.103233 0.991310 0.131500 0.000000 0.000000 0.000000 1.000000
0.996643 0.014494 0.080574 0.000000 -0.005968 0.994448 -0.105063 10.181600 -0.081649 0.104230 0.991196 0.131500 0.000000 0.000000 0.000000 1.000000
0.996619 0.015084 0.080760 0.000000 -0.006441 0.994321 -0.106229 10.181600 -0.081903 0.105349 0.991057 0.131500 0.000000 0.000000 0.000000 1.000000
0.996590 0.016245 0.080902 0.000000 -0.007489 0.994189 -0.107386 10.181600 -0.082177 0.106414 0.990920 0.131500 0.000000 0.000000 0.000000 1.000000
0.996506 0.017593 0.081645 0.000000 -0.008651 0.994047 -0.108610 10.181600 -0.083069 0.107524 0.990726 0.131500 0.000000 0.000000 0.000000 1.000000
0.996449 0.019687 0.081867 0.000000 -0.010572 0.993841 -0.110314 10.181600 -0.083535 0.109056 0.990519 0.131500 0.000000 0.000000 0.000000 1.000000
0.996512 0.021508 0.080626 0.000000 -0.012404 0.993658 -0.111762 10.181600 -0.082519 0.110372 0.990459 0.131500 0.000000 0.000000 0.000000 1.000000
0.996523 0.023670 0.079889 0.000000 -0.014682 0.993682 -0.111269 10.181600 -0.082018 0.109709 0.990574 0.131500 0.000000 0.000000 0.000000 1.000000
0.996569 0.025145 0.078859 0.000000 -0.016235 0.993615 -0.111648 10.181600 -0.081163 0.109985 0.990614 0.131500 0.000000 0.000000 0.000000 1.000000
0.996696 0.026010 0.076940 0.000000 -0.017214 0.993464 -0.112842 10.181600 -0.079372 0.111145 0.990630 0.131500 0.000000 0.000000 0.000000 1.000000
0.996919 0.026159 0.073953 -0.000000 -0.017635 0.993363 -0.113663 10.181600 -0.076435 0.112008 0.990763 0.131500 0.000000 0.000000 0.000000 1.000000
0.997100 0.025988 0.071523 0.000000 -0.017673 0.993263 -0.114529 10.181600 -0.074017 0.112933 0.990842 0.131500 0.000000 0.000000 0.000000 1.000000
0.997187 0.025508 0.070483 0.000000 -0.017273 0.993207 -0.115073 10.181600 -0.072939 0.113532 0.990853 0.131500 0.000000 0.000000 0.000000 1.000000
0.997269 0.024476 0.069681 0.000000 -0.016275 0.993124 -0.115927 10.181600 -0.072040 0.114477 0.990810 0.131500 0.000000 0.000000 0.000000 1.000000
0.997351 0.022741 0.069088 -0.000000 -0.014605 0.993135 -0.116061 10.181600 -0.071253 0.114745 0.990836 0.131500 0.000000 0.000000 0.000000 1.000000
0.997416 0.020930 0.068731 -0.000000 -0.012837 0.993149 -0.116151 10.181600 -0.070691 0.114968 0.990851 0.131500 0.000000 0.000000 0.000000 1.000000
0.997408 0.020636 0.068933 0.000000 -0.012521 0.993153 -0.116145 10.181600 -0.070858 0.114981 0.990837 0.131500 0.000000 0.000000 0.000000 1.000000
0.997392 0.020505 0.069199 0.000000 -0.012388 0.993199 -0.115764 10.181600 -0.071102 0.114605 0.990863 0.131500 0.000000 0.000000 0.000000 1.000000
0.997389 0.020203 0.069330 0.000000 -0.012083 0.993223 -0.115596 10.181600 -0.071195 0.114457 0.990874 0.131500 0.000000 0.000000 0.000000 1.000000
0.997388 0.020068 0.069390 0.000000 -0.011950 0.993237 -0.115487 10.181600 -0.071238 0.114356 0.990882 0.131500 0.000000 0.000000 0.000000 1.000000
0.997440 0.019498 0.068802 0.000000 -0.011480 0.993292 -0.115065 10.181600 -0.070584 0.113981 0.990972 0.131500 0.000000 0.000000 0.000000 1.000000
0.997480 0.018387 0.068528 0.000000 -0.010423 0.993333 -0.114812 10.181600 -0.070182 0.113808 0.991021 0.131500 0.000000 0.000000 0.000000 1.000000
0.997434 0.019502 0.068881 0.000000 -0.011484 0.993306 -0.114937 10.181600 -0.070662 0.113851 0.990982 0.131500 0.000000 0.000000 0.000000 1.000000
0.997353 0.019486 0.070058 -0.000000 -0.011364 0.993357 -0.114515 10.181600 -0.071824 0.113416 0.990948 0.131500 0.000000 0.000000 0.000000 1.000000
0.997232 0.019842 0.071651 -0.000000 -0.011624 0.993488 -0.113342 10.181600 -0.073433 0.112195 0.990969 0.131500 0.000000 0.000000 0.000000 1.000000
0.997126 0.020167 0.073025 0.000000 -0.011928 0.993687 -0.111550 10.181600 -0.074814 0.110359 0.991072 0.131500 0.000000 0.000000 0.000000 1.000000
0.996978 0.021314 0.074701 0.000000 -0.013020 0.993868 -0.109804 10.181600 -0.076583 0.108499 0.991142 0.131500 0.000000 0.000000 0.000000 1.000000
0.996804 0.024369 0.076076 -0.000000 -0.015916 0.993826 -0.109804 10.181600 -0.078282 0.108242 0.991038 0.131500 0.000000 0.000000 0.000000 1.000000
0.996829 0.027180 0.074788 -0.000000 -0.018780 0.993664 -0.110809 10.181600 -0.077326 0.109053 0.991024 0.131500 0.000000 0.000000 0.000000 1.000000
0.997143 0.028021 0.070145 -0.000000 -0.020079 0.993565 -0.111470 10.181600 -0.072817 0.109743 0.991289 0.131500 0.000000 0.000000 0.000000 1.000000
0.997448 0.028682 0.065387 0.000000 -0.021224 0.993479 -0.112023 10.181600 -0.068174 0.110349 0.991552 0.131500 0.000000 0.000000 0.000000 1.000000
0.997678 0.029205 0.061525 0.000000 -0.022121 0.993369 -0.112821 10.181600 -0.064412 0.111198 0.991709 0.131500 0.000000 0.000000 0.000000 1.000000
0.997706 0.029021 0.061165 -0.000000 -0.021953 0.993328 -0.113215 10.181600 -0.064042 0.111612 0.991686 0.131500 0.000000 0.000000 0.000000 1.000000
0.997591 0.029403 0.062829 0.000000 -0.022108 0.993256 -0.113812 10.181600 -0.065752 0.112149 0.991514 0.131500 0.000000 0.000000 0.000000 1.000000
0.997433 0.030863 0.064619 -0.000000 -0.023358 0.993226 -0.113827 10.181600 -0.067695 0.112025 0.991397 0.131500 0.000000 0.000000 0.000000 1.000000
0.997310 0.032113 0.065891 0.000000 -0.024518 0.993292 -0.113000 10.181600 -0.069077 0.111080 0.991408 0.131500 0.000000 0.000000 0.000000 1.000000
0.997216 0.033098 0.066812 0.000000 -0.025442 0.993342 -0.112356 10.181600 -0.070086 0.110344 0.991419 0.131500 0.000000 0.000000 0.000000 1.000000
0.997254 0.032582 0.066498 0.000000 -0.024979 0.993381 -0.112121 10.181600 -0.069711 0.110152 0.991467 0.131500 0.000000 0.000000 0.000000 1.000000
0.997309 0.032601 0.065660 -0.000000 -0.025125 0.993433 -0.111625 10.181600 -0.068868 0.109675 0.991579 0.131500 0.000000 0.000000 0.000000 1.000000
0.997356 0.032934 0.064774 0.000000 -0.025586 0.993473 -0.111163 10.181600 -0.068012 0.109212 0.991689 0.131500 0.000000 0.000000 0.000000 1.000000
0.997356 0.033533 0.064470 0.000000 -0.026230 0.993478 -0.110964 10.181600 -0.067771 0.108980 0.991731 0.131500 0.000000 0.000000 0.000000 1.000000
0.997305 0.034384 0.064808 0.000000 -0.027036 0.993449 -0.111032 10.181600 -0.068201 0.108981 0.991701 0.131500 0.000000 0.000000 0.000000 1.000000
0.997239 0.034879 0.065563 0.000000 -0.027453 0.993449 -0.110929 10.181600 -0.069003 0.108822 0.991663 0.131500 0.000000 0.000000 0.000000 1.000000
0.997164 0.035342 0.066439 0.000000 -0.027834 0.993463 -0.110705 10.181600 -0.069917 0.108542 0.991630 0.131500 0.000000 0.000000 0.000000 1.000000
0.997062 0.036362 0.067417 -0.000000 -0.028749 0.993443 -0.110651 10.181600 -0.070999 0.108387 0.991570 0.131500 0.000000 0.000000 0.000000 1.000000
0.996989 0.037075 0.068102 -0.000000 -0.029417 0.993474 -0.110202 10.181600 -0.071743 0.107867 0.991573 0.131500 0.000000 0.000000 0.000000 1.000000
0.996993 0.036778 0.068215 -0.000000 -0.029143 0.993535 -0.109725 10.181600 -0.071809 0.107407 0.991618 0.131500 0.000000 0.000000 0.000000 1.000000
0.997035 0.035763 0.068139 0.000000 -0.028150 0.993580 -0.109572 10.181600 -0.071620 0.107329 0.991641 0.131500 0.000000 0.000000 0.000000 1.000000
0.997038 0.034696 0.068637 0.000000 -0.027044 0.993626 -0.109433 10.181600 -0.071997 0.107253 0.991622 0.131500 0.000000 0.000000 0.000000 1.000000
0.997025 0.034304 0.069031 -0.000000 -0.026617 0.993647 -0.109346 10.181600 -0.072343 0.107183 0.991604 0.131500 0.000000 0.000000 0.000000 1.000000
0.996995 0.034435 0.069392 0.000000 -0.026712 0.993650 -0.109297 10.181600 -0.072715 0.107115 0.991584 0.131500 0.000000 0.000000 0.000000 1.000000
0.997023 0.034187 0.069118 0.000000 -0.026486 0.993642 -0.109423 10.181600 -0.072420 0.107267 0.991589 0.131500 0.000000 0.000000 0.000000 1.000000
0.997112 0.034081 0.067874 0.000000 -0.026472 0.993578 -0.110013 10.181600 -0.071187 0.107898 0.991610 0.131500 0.000000 0.000000 0.000000 1.000000
0.997225 0.033540 0.066466 0.000000 -0.026022 0.993490 -0.110906 10.181600 -0.069753 0.108869 0.991606 0.131500 0.000000 0.000000 0.000000 1.000000
0.997366 0.031813 0.065183 0.000000 -0.024419 0.993493 -0.111244 10.181600 -0.068298 0.109359 0.991653 0.131500 0.000000 0.000000 0.000000 1.000000
0.997489 0.028900 0.064662 -0.000000 -0.021618 0.993629 -0.110606 10.181600 -0.067446 0.108931 0.991759 0.131500 0.000000 0.000000 0.000000 1.000000
0.997507 0.027250 0.065091 0.000000 -0.020005 0.993788 -0.109473 10.181600 -0.067670 0.107898 0.991856 0.131500 0.000000 0.000000 0.000000 1.000000
0.997452 0.026565 0.066212 0.000000 -0.019266 0.993907 -0.108522 10.181600 -0.068691 0.106969 0.991887 0.131500 0.000000 0.000000 0.000000 1.000000
0.997354 0.026124 0.067843 -0.000000 -0.018722 0.994025 -0.107531 10.181600 -0.070247 0.105976 0.991884 0.131500 0.000000 0.000000 0.000000 1.000000
0.997271 0.026768 0.068802 0.000000 -0.019278 0.994040 -0.107302 10.181600 -0.071264 0.105683 0.991843 0.131500 0.000000 0.000000 0.000000 1.000000
0.997192 0.028151 0.069389 0.000000 -0.020647 0.994090 -0.106577 10.181600 -0.071979 0.104845 0.991880 0.131500 0.000000 0.000000 0.000000 1.000000
0.997089 0.029530 0.070291 0.000000 -0.021958 0.994107 -0.106157 10.181600 -0.073011 0.104305 0.991862 0.131500 0.000000 0.000000 0.000000 1.000000
0.997050 0.030444 0.070459 0.000000 -0.022868 0.994110 -0.105933 10.181600 -0.073269 0.104010 0.991874 0.131500 0.000000 0.000000 0.000000 1.000000
0.997002 0.030688 0.071030 0.000000 -0.023102 0.994177 -0.105253 10.181600 -0.073846 0.103297 0.991906 0.131500 0.000000 0.000000 0.000000 1.000000
0.996976 0.030723 0.071374 0.000000 -0.023164 0.994263 -0.104429 10.181600 -0.074173 0.102460 0.991968 0.131500 0.000000 0.000000 0.000000 1.000000
0.996967 0.030328 0.071678 0.000000 -0.022790 0.994343 -0.103745 10.181600 -0.074419 0.101797 0.992018 0.131500 0.000000 0.000000 0.000000 1.000000
0.996920 0.029980 0.072465 -0.000000 -0.022414 0.994422 -0.103061 10.181600 -0.075150 0.101119 0.992032 0.131500 0.000000 0.000000 0.000000 1.000000
0.996858 0.029028 0.073696 0.000000 -0.021406 0.994535 -0.102189 10.181600 -0.076260 0.100291 0.992031 0.131500 0.000000 0.000000 0.000000 1.000000
0.996794 0.028351 0.074825 -0.000000 -0.020671 0.994622 -0.101487 10.181600 -0.077300 0.099615 0.992019 0.131500 0.000000 0.000000 0.000000 1.000000
0.996725 0.028149 0.075813 0.000000 -0.020459 0.994740 -0.100367 10.181600 -0.078239 0.098488 0.992058 0.131500 0.000000 0.000000 0.000000 1.000000
0.996666 0.027792 0.076716 -0.000000 -0.020136 0.994901 -0.098821 10.181600 -0.079071 0.096947 0.992144 0.131500 0.000000 0.000000 0.000000 1.000000
0.996631 0.026760 0.077533 -0.000000 -0.019169 0.995096 -0.097040 10.181600 -0.079749 0.095227 0.992256 0.131500 0.000000 0.000000 0.000000 1.000000
0.996617 0.025014 0.078292 0.000000 -0.017473 0.995270 -0.095563 10.181600 -0.080312 0.093872 0.992340 0.131500 0.000000 0.000000 0.000000 1.000000
0.996605 0.023720 0.078844 0.000000 -0.016215 0.995393 -0.094500 10.181600 -0.080723 0.092901 0.992398 0.131500 0.000000 0.000000 0.000000 1.000000
0.996581 0.023396 0.079240 0.000000 -0.015921 0.995474 -0.093693 10.181600 -0.081073 0.092111 0.992443 0.131500 0.000000 0.000000 0.000000 1.000000
0.996568 0.022846 0.079560 -0.000000 -0.015353 0.995496 -0.093547 10.181600 -0.081339 0.092005 0.992431 0.131500 0.000000 0.000000 0.000000 1.000000
0.996572 0.022020 0.079741 0.000000 -0.014527 0.995527 -0.093359 10.181600 -0.081440 0.091880 0.992434 0.131500 0.000000 0.000000 0.000000 1.000000
0.996565 0.022362 0.079733 0.000000 -0.014797 0.995441 -0.094229 10.181600 -0.081477 0.092726 0.992352 0.131500 0.000000 0.000000 0.000000 1.000000
0.996573 0.021655 0.079835 0.000000 -0.013934 0.995281 -0.096028 10.181600 -0.081538 0.094586 0.992172 0.131500 0.000000 0.000000 0.000000 1.000000
0.996581 0.020859 0.079946 0.000000 -0.012985 0.995124 -0.097770 10.181600 -0.081595 0.096398 0.991993 0.131500 0.000000 0.000000 0.000000 1.000000
0.996578 0.020734 0.080015 -0.000000 -0.012807 0.995071 -0.098336 10.181600 -0.081659 0.096975 0.991931 0.131500 0.000000 0.000000 0.000000 1.000000
0.996577 0.020344 0.080124 0.000000 -0.012448 0.995124 -0.097846 10.181600 -0.081724 0.096514 0.991971 0.131500 0.000000 0.000000 0.000000 1.000000
0.996572 0.020237 0.080218 0.000000 -0.012396 0.995201 -0.097064 10.181600 -0.081797 0.095737 0.992040 0.131500 0.000000 0.000000 0.000000 1.000000
0.996564 0.020586 0.080231 0.000000 -0.012766 0.995223 -0.096787 10.181600 -0.081840 0.095430 0.992066 0.131500 0.000000 0.000000 0.000000 1.000000
0.996563 0.020493 0.080267 0.000000 -0.012664 0.995217 -0.096861 10.181600 -0.081868 0.095511 0.992056 0.131500 0.000000 0.000000 0.000000 1.000000
0.996562 0.020219 0.080350 -0.000000 -0.012291 0.995113 -0.097971 10.181600 -0.081938 0.096647 0.991940 0.131500 0.000000 0.000000 0.000000 1.000000
0.996556 0.019942 0.080485 0.000000 -0.011884 0.994978 -0.099383 10.181600 -0.082062 0.098084 0.991789 0.131500 0.000000 0.000000 0.000000 1.000000
0.996552 0.019592 0.080623 -0.000000 -0.011438 0.994883 -0.100385 10.181600 -0.082178 0.099117 0.991677 0.131500 0.000000 0.000000 0.000000 1.000000
0.996548 0.019443 0.080709 0.000000 -0.011228 0.994821 -0.101019 10.181600 -0.082255 0.099764 0.991605 0.131500 0.000000 0.000000 0.000000 1.000000
0.996550 0.019157 0.080756 -0.000000 -0.010930 0.994815 -0.101112 10.181600 -0.082274 0.099880 0.991592 0.131500 0.000000 0.000000 0.000000 1.000000
0.996554 0.018784 0.080788 0.000000 -0.010569 0.994837 -0.100937 10.181600 -0.082266 0.099735 0.991607 0.131500 0.000000 0.000000 0.000000 1.000000
0.996557 0.018613 0.080796 -0.000000 -0.010387 0.994827 -0.101054 10.181600 -0.082259 0.099867 0.991595 0.131500 0.000000 0.000000 0.000000 1.000000</float_array><technique_common><accessor source="#mixamorig_Spine-Matrix-animation-output-transform-array" count="99" stride="16"><param type="float4x4"/></accessor></technique_common></source><source id="mixamorig_Spine-Interpolations"><Name_array id="mixamorig_Spine-Interpolations-array" count="99">
 LINEAR LINEAR LINEAR LINEAR LINEAR LINEAR LINEAR LINEAR LINEAR LINEAR LINEAR
LINEAR LINEAR LINEAR LINEAR LINEAR LINEAR LINEAR LINEAR LINEAR LINEAR LINEAR LINEAR
LINEAR LINEAR LINEAR LINEAR LINEAR LINEAR LINEAR LINEAR LINEAR LINEAR LINEAR LINEAR
LINEAR LINEAR LINEAR LINEAR LINEAR LINEAR LINEAR LINEAR LINEAR LINEAR LINEAR LINEAR
LINEAR LINEAR LINEAR LINEAR LINEAR LINEAR LINEAR LINEAR LINEAR LINEAR LINEAR LINEAR
LINEAR LINEAR LINEAR LINEAR LINEAR LINEAR LINEAR LINEAR LINEAR LINEAR LINEAR LINEAR
LINEAR LINEAR LINEAR LINEAR LINEAR LINEAR LINEAR LINEAR LINEAR LINEAR LINEAR LINEAR
LINEAR LINEAR LINEAR LINEAR LINEAR LINEAR LINEAR LINEAR LINEAR LINEAR LINEAR LINEAR
LINEAR LINEAR LINEAR LINEAR</Name_array><technique_common><accessor source="#mixamorig_Spine-Interpolations-array" count="99"><param type="name"/></accessor></technique_common></source><sampler id="mixamorig_Spine-Matrix-animation-transform"><input semantic="INPUT" source="#mixamorig_Spine-Matrix-animation-input"/><input semantic="OUTPUT" source="#mixamorig_Spine-Matrix-animation-output-transform"/><input semantic="INTERPOLATION" source="#mixamorig_Spine-Interpolations"/></sampler><channel source="#mixamorig_Spine-Matrix-animation-transform" target="mixamorig_Spine/matrix"/></animation>
    <animation id="mixamorig_Spine1-anim" name="mixamorig_Spine1"><source id="mixamorig_Spine1-Matrix-animation-input"><float_array id="mixamorig_Spine1-Matrix-animation-input-array" count="99">

0.000000 0.033333 0.066667 0.100000 0.133333 0.166667 0.200000 0.233333 0.266667 0.300000 0.333333 0.366667 0.400000 0.433333 0.466667 0.500000
0.533333 0.566667 0.600000 0.633333 0.666667 0.700000 0.733333 0.766667 0.800000 0.833333 0.866667 0.900000 0.933333 0.966667 1.000000 1.033333
1.066667 1.100000 1.133333 1.166667 1.200000 1.233333 1.266667 1.300000 1.333333 1.366667 1.400000 1.433333 1.466667 1.500000 1.533333 1.566667
1.600000 1.633333 1.666667 1.700000 1.733333 1.766667 1.800000 1.833333 1.866667 1.900000 1.933333 1.966667 2.000000 2.033333 2.066667 2.100000
2.133333 2.166667 2.200000 2.233333 2.266667 2.300000 2.333333 2.366667 2.400000 2.433333 2.466667 2.500000 2.533333 2.566667 2.600000 2.633333
2.666667 2.700000 2.733333 2.766667 2.800000 2.833333 2.866667 2.900000 2.933333 2.966667 3.000000 3.033333 3.066667 3.100000 3.133333 3.166667
3.200000 3.233333 3.266667</float_array><technique_common><accessor source="#mixamorig_Spine1-Matrix-animation-input-array" count="99"><param name="TIME" type="float"/></accessor></technique_common></source><source id="mixamorig_Spine1-Matrix-animation-output-transform"><float_array id="mixamorig_Spine1-Matrix-animation-output-transform-array" count="1584">

0.986151 0.053517 0.156981 0.000000 -0.020882 0.979041 -0.202591 10.083500 -0.164533 0.196507 0.966599 -1.000800 0.000000 0.000000 0.000000 1.000000
0.986151 0.053517 0.156981 0.000000 -0.020882 0.979041 -0.202591 10.083500 -0.164533 0.196507 0.966599 -1.000800 0.000000 0.000000 0.000000 1.000000
0.986253 0.053069 0.156486 0.000000 -0.020499 0.979003 -0.202811 10.083500 -0.163964 0.196815 0.966633 -1.000800 0.000000 0.000000 0.000000 1.000000
0.986509 0.052257 0.155140 0.000000 -0.019884 0.978916 -0.203295 10.083500 -0.162492 0.197468 0.966749 -1.000800 0.000000 0.000000 0.000000 1.000000
0.986708 0.051309 0.154194 0.000000 -0.018965 0.978721 -0.204316 10.083500 -0.161396 0.198676 0.966685 -1.000800 0.000000 0.000000 0.000000 1.000000
0.986652 0.050551 0.154799 0.000000 -0.017865 0.978462 -0.205654 10.083500 -0.161861 0.200144 0.966304 -1.000800 0.000000 0.000000 0.000000 1.000000
0.986500 0.050397 0.155816 0.000000 -0.017246 0.978149 -0.207190 10.083500 -0.162853 0.201706 0.965813 -1.000800 0.000000 0.000000 0.000000 1.000000
0.986519 0.051512 0.155329 0.000000 -0.018166 0.977771 -0.208885 10.083500 -0.162636 0.203247 0.965526 -1.000800 0.000000 0.000000 0.000000 1.000000
0.986457 0.053725 0.154973 -0.000000 -0.020062 0.977262 -0.211085 10.083500 -0.162790 0.205118 0.965104 -1.000800 0.000000 0.000000 0.000000 1.000000
0.986338 0.056599 0.154706 -0.000000 -0.022540 0.976660 -0.213606 10.083500 -0.163185 0.207200 0.964593 -1.000800 0.000000 0.000000 0.000000 1.000000
0.986160 0.060310 0.154441 -0.000000 -0.025844 0.976026 -0.216116 10.083500 -0.163773 0.209134 0.964076 -1.000800 0.000000 0.000000 0.000000 1.000000
0.985759 0.064607 0.155258 0.000000 -0.029461 0.975324 -0.218803 10.083500 -0.165564 0.211113 0.963338 -1.000800 0.000000 0.000000 0.000000 1.000000
0.985416 0.070294 0.154967 -0.000000 -0.034519 0.974330 -0.222465 10.083500 -0.166627 0.213871 0.962546 -1.000800 0.000000 0.000000 0.000000 1.000000
0.985529 0.075338 0.151847 -0.000000 -0.039658 0.973420 -0.225566 10.083500 -0.164805 0.216280 0.962321 -1.000800 0.000000 0.000000 0.000000 1.000000
0.985431 0.081070 0.149511 0.000000 -0.045946 0.973293 -0.224922 10.083500 -0.163753 0.214776 0.962838 -1.000800 0.000000 0.000000 0.000000 1.000000
0.985500 0.085403 0.146615 0.000000 -0.050698 0.972830 -0.225902 10.083500 -0.161924 0.215193 0.963054 -1.000800 0.000000 0.000000 0.000000 1.000000
0.985905 0.088383 0.142053 0.000000 -0.054239 0.972063 -0.228367 10.083500 -0.158268 0.217443 0.963156 -1.000800 0.000000 0.000000 0.000000 1.000000
0.986733 0.089473 0.135473 -0.000000 -0.056525 0.971558 -0.229956 10.083500 -0.152194 0.219248 0.963726 -1.000800 0.000000 0.000000 0.000000 1.000000
