<?xml version="1.0" encoding="utf-8"?>
<COLLADA xmlns="http://www.collada.org/2005/11/COLLADASchema" version="1.4.1">
  <asset><contributor><author>Mixamo</author><authoring_tool>COLLADA Mixamo exporter</authoring_tool><comments></comments></contributor><created>2019-03-19T12:32:44Z</created><modified>2019-03-19T12:32:44Z</modified><revision></revision><title></title><unit meter="0.010000"/><up_axis>Y_UP</up_axis></asset>
  <library_animations>
    <animation id="mixamorig_Hips-anim" name="mixamorig_Hips"><source id="mixamorig_Hips-Matrix-animation-input"><float_array id="mixamorig_Hips-Matrix-animation-input-array" count="31">

0.000000 0.033333 0.066667 0.100000 0.133333 0.166667 0.200000 0.233333 0.266667 0.300000 0.333333 0.366667 0.400000 0.433333 0.466667 0.500000
0.533333 0.566667 0.600000 0.633333 0.666667 0.700000 0.733333 0.766667 0.800000 0.833333 0.866667 0.900000 0.933333 0.966667 1.000000</float_array><technique_common><accessor source="#mixamorig_Hips-Matrix-animation-input-array" count="31"><param name="TIME" type="float"/></accessor></technique_common></source><source id="mixamorig_Hips-Matrix-animation-output-transform"><float_array id="mixamorig_Hips-Matrix-animation-output-transform-array" count="496">

0.949235 -0.072094 0.306194 0.048397 0.179677 0.923234 -0.339641 85.970543 -0.258203 0.377415 0.889319 1.914664 0.000000 0.000000 0.000000 1.000000
0.971616 0.075326 0.224252 0.147445 -0.025496 0.975772 -0.217298 97.875458 -0.235187 0.205413 0.949996 16.108074 0.000000 0.000000 0.000000 1.000000
0.968347 0.213410 0.129462 0.783671 -0.202316 0.974830 -0.093671 110.894226 -0.146194 0.064514 0.987150 30.094622 0.000000 0.000000 0.000000 1.000000
0.958786 0.279281 0.052267 1.346888 -0.280346 0.959795 0.014155 124.235252 -0.046212 -0.028224 0.998533 43.968716 0.000000 0.000000 0.000000 1.000000
0.971811 0.235681 0.006108 1.239267 -0.235248 0.967667 0.090992 137.729782 0.015534 -0.089864 0.995833 58.197590 0.000000 0.000000 0.000000 1.000000
0.992398 0.122158 -0.014935 0.501866 -0.118618 0.981784 0.148426 150.875183 0.032794 -0.145526 0.988811 72.718132 0.000000 0.000000 0.000000 1.000000
0.999293 0.023842 -0.029063 -0.326730 -0.017661 0.980263 0.196908 163.174194 0.033184 -0.196256 0.979991 87.124634 0.000000 0.000000 0.000000 1.000000
0.998695 -0.001584 -0.051041 -0.935415 0.012957 0.974671 0.223267 173.994064 0.049394 -0.223637 0.973420 101.015106 0.000000 0.000000 0.000000 1.000000
0.996022 0.037670 -0.080755 -1.348013 -0.019468 0.976349 0.215324 183.136566 0.086956 -0.212895 0.973198 114.867462 0.000000 0.000000 0.000000 1.000000
0.990220 0.096614 -0.100644 -1.782655 -0.077061 0.980143 0.182707 190.160782 0.116298 -0.173165 0.978003 128.994064 0.000000 0.000000 0.000000 1.000000
0.985793 0.135301 -0.099525 -2.349430 -0.119853 0.981768 0.147539 194.572098 0.117673 -0.133514 0.984036 143.242767 0.000000 0.000000 0.000000 1.000000
0.987054 0.137013 -0.083378 -2.967186 -0.125860 0.983904 0.126857 195.980881 0.099417 -0.114721 0.988411 157.438080 0.000000 0.000000 0.000000 1.000000
0.992555 0.103077 -0.064887 -3.488833 -0.094741 0.988175 0.120556 194.166885 0.076546 -0.113511 0.990584 171.690109 0.000000 0.000000 0.000000 1.000000
0.998011 0.040206 -0.048545 -3.801396 -0.034459 0.992894 0.113908 187.603806 0.052780 -0.112008 0.992305 186.371567 0.000000 0.000000 0.000000 1.000000
0.998521 -0.047716 -0.026059 -4.175489 0.050014 0.994114 0.096109 177.652985 0.021319 -0.097270 0.995030 201.438766 0.000000 0.000000 0.000000 1.000000
0.990224 -0.138606 0.015652 -4.530411 0.137026 0.987597 0.076657 164.817078 -0.026083 -0.073763 0.996935 216.174606 0.000000 0.000000 0.000000 1.000000
0.977202 -0.201162 0.067895 -4.684881 0.196077 0.977735 0.074757 149.993362 -0.081421 -0.059740 0.994888 230.668350 0.000000 0.000000 0.000000 1.000000
0.969892 -0.215356 0.113719 -4.663139 0.205148 0.974105 0.095048 134.853546 -0.131244 -0.068857 0.988956 244.798309 0.000000 0.000000 0.000000 1.000000
0.974705 -0.176283 0.137384 -4.435834 0.160021 0.979589 0.121648 120.576675 -0.156025 -0.096587 0.983019 258.572662 0.000000 0.000000 0.000000 1.000000
0.985802 -0.101044 0.134108 -3.986316 0.083006 0.987514 0.133888 109.183090 -0.145962 -0.120855 0.981880 272.204926 0.000000 0.000000 0.000000 1.000000
0.992924 -0.031064 0.114620 -3.322885 0.017491 0.992910 0.117573 98.742897 -0.117460 -0.114736 0.986427 285.799255 0.000000 0.000000 0.000000 1.000000
0.994966 0.007034 0.099964 -2.363700 -0.013372 0.997932 0.062874 90.684158 -0.099315 -0.063895 0.993003 299.337341 0.000000 0.000000 0.000000 1.000000
0.992736 -0.011578 0.119758 -1.303220 0.015389 0.999403 -0.030948 86.770561 -0.119328 0.032566 0.992321 312.794159 0.000000 0.000000 0.000000 1.000000
0.980686 -0.075864 0.180278 -0.548435 0.101906 0.984910 -0.139885 86.769417 -0.166945 0.155554 0.973618 326.963318 0.000000 0.000000 0.000000 1.000000
0.952266 -0.148326 0.266813 -0.417836 0.211497 0.950829 -0.226258 88.934799 -0.220133 0.271887 0.936813 341.521027 0.000000 0.000000 0.000000 1.000000
0.915134 -0.186073 0.357641 -0.741114 0.293281 0.915950 -0.273902 90.029671 -0.276615 0.355546 0.892788 355.865540 0.000000 0.000000 0.000000 1.000000
0.881844 -0.175658 0.437602 -1.033415 0.325262 0.898499 -0.294794 89.237167 -0.341402 0.402298 0.849471 369.702759 0.000000 0.000000 0.000000 1.000000
0.860846 -0.140014 0.489225 -1.017373 0.320923 0.895481 -0.308417 87.858482 -0.394909 0.422503 0.815805 382.722321 0.000000 0.000000 0.000000 1.000000
0.865593 -0.105470 0.489515 -0.729358 0.293041 0.899386 -0.324394 86.748215 -0.406049 0.424241 0.809410 395.158264 0.000000 0.000000 0.000000 1.000000
0.900015 -0.084278 0.427633 -0.338039 0.245762 0.908413 -0.338211 86.095619 -0.359964 0.409491 0.838298 407.443024 0.000000 0.000000 0.000000 1.000000
0.949235 -0.072094 0.306194 0.048395 0.179677 0.923234 -0.339641 85.970551 -0.258203 0.377415 0.889320 419.799927 0.000000 0.000000 0.000000 1.000000</float_array><technique_common><accessor source="#mixamorig_Hips-Matrix-animation-output-transform-array" count="31" stride="16"><param type="float4x4"/></accessor></technique_common></source><source id="mixamorig_Hips-Interpolations"><Name_array id="mixamorig_Hips-Interpolations-array" count="31">
 LINEAR LINEAR LINEAR LINEAR LINEAR LINEAR LINEAR LINEAR LINEAR LINEAR LINEAR
LINEAR LINEAR LINEAR LINEAR LINEAR LINEAR LINEAR LINEAR LINEAR LINEAR LINEAR LINEAR
LINEAR LINEAR LINEAR LINEAR LINEAR LINEAR LINEAR LINEAR</Name_array><technique_common><accessor source="#mixamorig_Hips-Interpolations-array" count="31"><param type="name"/></accessor></technique_common></source><sampler id="mixamorig_Hips-Matrix-animation-transform"><input semantic="INPUT" source="#mixamorig_Hips-Matrix-animation-input"/><input semantic="OUTPUT" source="#mixamorig_Hips-Matrix-animation-output-transform"/><input semantic="INTERPOLATION" source="#mixamorig_Hips-Interpolations"/></sampler><channel source="#mixamorig_Hips-Matrix-animation-transform" target="mixamorig_Hips/matrix"/></animation>
    <animation id="mixamorig_Spine-anim" name="mixamorig_Spine"><source id="mixamorig_Spine-Matrix-animation-input"><float_array id="mixamorig_Spine-Matrix-animation-input-array" count="31">

0.000000 0.033333 0.066667 0.100000 0.133333 0.166667 0.200000 0.233333 0.266667 0.300000 0.333333 0.366667 0.400000 0.433333 0.466667 0.500000
0.533333 0.566667 0.600000 0.633333 0.666667 0.700000 0.733333 0.766667 0.800000 0.833333 0.866667 0.900000 0.933333 0.966667 1.000000</float_array><technique_common><accessor source="#mixamorig_Spine-Matrix-animation-input-array" count="31"><param name="TIME" type="float"/></accessor></technique_common></source><source id="mixamorig_Spine-Matrix-animation-output-transform"><float_array id="mixamorig_Spine-Matrix-animation-output-transform-array" count="496">

0.977072 0.031823 -0.210519 -0.000000 -0.085137 0.964672 -0.249317 10.181600 0.195148 0.261523 0.945263 0.131500 0.000000 0.000000 0.000000 1.000000
0.982079 -0.010537 -0.188173 -0.000000 -0.029517 0.977515 -0.208788 10.181600 0.186142 0.210601 0.959687 0.131500 0.000000 0.000000 0.000000 1.000000
0.980868 -0.079889 -0.177528 0.000000 0.049880 0.984612 -0.167487 10.181600 0.188176 0.155427 0.969759 0.131500 0.000000 0.000000 0.000000 1.000000
0.974554 -0.122183 -0.187923 0.000000 0.095400 0.984745 -0.145517 10.181600 0.202836 0.123886 0.971344 0.131500 0.000000 0.000000 0.000000 1.000000
0.973743 -0.086970 -0.210384 0.000000 0.055493 0.986952 -0.151150 10.181600 0.220784 0.135506 0.965864 0.131500 0.000000 0.000000 0.000000 1.000000
0.974927 0.004119 -0.222488 0.000000 -0.044464 0.983273 -0.176630 10.181600 0.218039 0.182094 0.958802 0.131500 0.000000 0.000000 0.000000 1.000000
0.974439 0.075983 -0.211415 0.000000 -0.122367 0.968730 -0.215842 10.181600 0.188403 0.236195 0.953266 0.131500 0.000000 0.000000 0.000000 1.000000
0.979649 0.073389 -0.186822 -0.000000 -0.121457 0.957762 -0.260653 10.181600 0.159801 0.278040 0.947184 0.131500 0.000000 0.000000 0.000000 1.000000
0.986756 0.007367 -0.162042 -0.000000 -0.056236 0.952550 -0.299143 10.181600 0.152150 0.304294 0.940349 0.131500 0.000000 0.000000 0.000000 1.000000
0.986699 -0.071040 -0.146216 -0.000000 0.018979 0.943649 -0.330402 10.181600 0.161448 0.323233 0.932446 0.131500 0.000000 0.000000 0.000000 1.000000
0.983326 -0.117045 -0.139179 -0.000000 0.060160 0.931620 -0.358420 10.181600 0.171613 0.344071 0.923127 0.131500 0.000000 0.000000 0.000000 1.000000
0.983695 -0.115531 -0.137827 0.000000 0.055196 0.923329 -0.380021 10.181600 0.171164 0.366218 0.914652 0.131500 0.000000 0.000000 0.000000 1.000000
0.986933 -0.074315 -0.142973 0.000000 0.013526 0.922374 -0.386061 10.181600 0.160565 0.379083 0.911326 0.131500 0.000000 0.000000 0.000000 1.000000
0.987525 -0.010224 -0.157130 0.000000 -0.049392 0.927414 -0.370760 10.181600 0.149515 0.373896 0.915340 0.131500 0.000000 0.000000 0.000000 1.000000
0.982087 0.064072 -0.177199 0.000000 -0.120942 0.935479 -0.332043 10.181600 0.144491 0.347526 0.926471 0.131500 0.000000 0.000000 0.000000 1.000000
0.974141 0.126812 -0.187000 0.000000 -0.176786 0.943188 -0.281322 10.181600 0.140701 0.307107 0.941217 0.131500 0.000000 0.000000 0.000000 1.000000
0.973755 0.159744 -0.162119 0.000000 -0.196169 0.950256 -0.241934 10.181600 0.115407 0.267387 0.956653 0.131500 0.000000 0.000000 0.000000 1.000000
0.983279 0.152624 -0.099342 -0.000000 -0.171877 0.958057 -0.229314 10.181600 0.060176 0.242554 0.968270 0.131500 0.000000 0.000000 0.000000 1.000000
0.994904 0.099922 -0.013501 0.000000 -0.100222 0.965302 -0.241137 10.181600 -0.011063 0.241261 0.970397 0.131500 0.000000 0.000000 0.000000 1.000000
0.997311 0.011882 0.072321 0.000000 0.007407 0.965378 -0.260749 10.181600 -0.072915 0.260584 0.962694 0.131500 0.000000 0.000000 0.000000 1.000000
0.987536 -0.074222 0.138791 -0.000000 0.109873 0.956494 -0.270273 10.181600 -0.112693 0.282153 0.952728 0.131500 0.000000 0.000000 0.000000 1.000000
0.974314 -0.126151 0.186544 0.000000 0.172692 0.950209 -0.259383 10.181600 -0.144534 0.284935 0.947587 0.131500 0.000000 0.000000 0.000000 1.000000
0.972627 -0.108425 0.205525 -0.000000 0.156120 0.960018 -0.232362 10.181600 -0.172114 0.258088 0.950667 0.131500 0.000000 0.000000 0.000000 1.000000
0.983232 -0.020093 0.181251 0.000000 0.057064 0.977897 -0.201152 10.181600 -0.173203 0.208122 0.962645 0.131500 0.000000 0.000000 0.000000 1.000000
0.990203 0.097738 0.099727 -0.000000 -0.079997 0.982442 -0.168545 10.181600 -0.114449 0.158916 0.980636 0.131500 0.000000 0.000000 0.000000 1.000000
0.983606 0.178443 -0.026028 0.000000 -0.180324 0.974512 -0.133453 10.181600 0.001551 0.135959 0.990713 0.131500 0.000000 0.000000 0.000000 1.000000
0.969289 0.184527 -0.162570 -0.000000 -0.204481 0.971984 -0.115908 10.181600 0.136627 0.145591 0.979865 0.131500 0.000000 0.000000 0.000000 1.000000
0.953363 0.135399 -0.269753 0.000000 -0.176684 0.974956 -0.135070 10.181600 0.244709 0.176432 0.953409 0.131500 0.000000 0.000000 0.000000 1.000000
0.946905 0.076919 -0.312177 -0.000000 -0.136996 0.974933 -0.175320 10.181600 0.290867 0.208778 0.933707 0.131500 0.000000 0.000000 0.000000 1.000000
0.957183 0.041365 -0.286513 -0.000000 -0.106277 0.970839 -0.214886 10.181600 0.269270 0.236135 0.933667 0.131500 0.000000 0.000000 0.000000 1.000000
0.977072 0.031823 -0.210519 0.000000 -0.085137 0.964672 -0.249317 10.181600 0.195148 0.261523 0.945263 0.131500 0.000000 0.000000 0.000000 1.000000</float_array><technique_common><accessor source="#mixamorig_Spine-Matrix-animation-output-transform-array" count="31" stride="16"><param type="float4x4"/></accessor></technique_common></source><source id="mixamorig_Spine-Interpolations"><Name_array id="mixamorig_Spine-Interpolations-array" count="31">
 LINEAR LINEAR LINEAR LINEAR LINEAR LINEAR LINEAR LINEAR LINEAR LINEAR LINEAR
LINEAR LINEAR LINEAR LINEAR LINEAR LINEAR LINEAR LINEAR LINEAR LINEAR LINEAR LINEAR
LINEAR LINEAR LINEAR LINEAR LINEAR LINEAR LINEAR LINEAR</Name_array><technique_common><accessor source="#mixamorig_Spine-Interpolations-array" count="31"><param type="name"/></accessor></technique_common></source><sampler id="mixamorig_Spine-Matrix-animation-transform"><input semantic="INPUT" source="#mixamorig_Spine-Matrix-animation-input"/><input semantic="OUTPUT" source="#mixamorig_Spine-Matrix-animation-output-transform"/><input semantic="INTERPOLATION" source="#mixamorig_Spine-Interpolations"/></sampler><channel source="#mixamorig_Spine-Matrix-animation-transform" target="mixamorig_Spine/matrix"/></animation>
    <animation id="mixamorig_Spine1-anim" name="mixamorig_Spine1"><source id="mixamorig_Spine1-Matrix-animation-input"><float_array id="mixamorig_Spine1-Matrix-animation-input-array" count="31">

0.000000 0.033333 0.066667 0.100000 0.133333 0.166667 0.200000 0.233333 0.266667 0.300000 0.333333 0.366667 0.400000 0.433333 0.466667 0.500000
0.533333 0.566667 0.600000 0.633333 0.666667 0.700000 0.733333 0.766667 0.800000 0.833333 0.866667 0.900000 0.933333 0.966667 1.000000</float_array><technique_common><accessor source="#mixamorig_Spine1-Matrix-animation-input-array" count="31"><param name="TIME" type="float"/></accessor></technique_common></source><source id="mixamorig_Spine1-Matrix-animation-output-transform"><float_array id="mixamorig_Spine1-Matrix-animation-output-transform-array" count="496">

0.998511 0.012528 -0.053094 0.000000 -0.013586 0.999715 -0.019612 10.083500 0.052833 0.020304 0.998397 -1.000800 0.000000 0.000000 0.000000 1.000000
0.999386 -0.019645 -0.029016 0.000000 0.019463 0.999789 -0.006544 10.083500 0.029139 0.005975 0.999558 -1.000800 0.000000 0.000000 0.000000 1.000000
0.996810 -0.079323 -0.008835 -0.000000 0.079546 0.996422 0.028556 10.083500 0.006539 -0.029167 0.999553 -1.000800 0.000000 0.000000 0.000000 1.000000
0.990382 -0.138274 0.004915 0.000000 0.137694 0.988466 0.063055 10.083500 -0.013577 -0.061772 0.997998 -1.000800 0.000000 0.000000 0.000000 1.000000
0.985796 -0.167390 0.013676 0.000000 0.166008 0.983516 0.071674 10.083500 -0.025448 -0.068385 0.997334 -1.000800 0.000000 0.000000 0.000000 1.000000
0.986728 -0.161047 0.020783 -0.000000 0.160013 0.986117 0.044373 10.083500 -0.027640 -0.040459 0.998799 -1.000800 0.000000 0.000000 0.000000 1.000000
0.990113 -0.137805 0.026183 0.000000 0.138111 0.990363 -0.010273 10.083500 -0.024515 0.013787 0.999604 -1.000800 0.000000 0.000000 0.000000 1.000000
0.992939 -0.115640 0.026446 0.000000 0.117348 0.990153 -0.076326 10.083500 -0.017360 0.078890 0.996732 -1.000800 0.000000 0.000000 0.000000 1.000000
0.995114 -0.096691 0.019994 0.000000 0.098553 0.985026 -0.141458 10.083500 -0.006017 0.142737 0.989742 -1.000800 0.000000 0.000000 0.000000 1.000000
0.997046 -0.076147 0.010090 -0.000000 0.076628 0.976929 -0.199343 10.083500 0.005322 0.199528 0.979878 -1.000800 0.000000 0.000000 0.000000 1.000000
0.998493 -0.054815 0.002461 0.000000 0.053741 0.967894 -0.245546 10.083500 0.011077 0.245308 0.969382 -1.000800 0.000000 0.000000 0.000000 1.000000
0.999310 -0.037139 0.000985 0.000000 0.035990 0.961124 -0.273762 10.083500 0.009220 0.273608 0.961797 -1.000800 0.000000 0.000000 0.000000 1.000000
0.999720 -0.023080 0.005273 0.000000 0.023638 0.960762 -0.276364 10.083500 0.001313 0.276411 0.961039 -1.000800 0.000000 0.000000 0.000000 1.000000
0.999883 -0.010232 0.011367 0.000000 0.012806 0.966441 -0.256571 10.083500 -0.008360 0.256687 0.966459 -1.000800 0.000000 0.000000 0.000000 1.000000
0.999898 0.002490 0.014099 0.000000 0.000688 0.975267 -0.221030 10.083500 -0.014301 0.221017 0.975165 -1.000800 0.000000 0.000000 0.000000 1.000000
0.999854 0.012846 0.011309 -0.000000 -0.010622 0.983886 -0.178479 10.083500 -0.013419 0.178332 0.983879 -1.000800 0.000000 0.000000 0.000000 1.000000
0.999823 0.017881 0.005797 0.000000 -0.016864 0.989494 -0.143587 10.083500 -0.008304 0.143463 0.989621 -1.000800 0.000000 0.000000 0.000000 1.000000
0.999840 0.017770 0.002090 -0.000000 -0.017353 0.991516 -0.128820 10.083500 -0.004361 0.128763 0.991666 -1.000800 0.000000 0.000000 0.000000 1.000000
0.999891 0.014692 0.001632 0.000000 -0.014336 0.990731 -0.135078 10.083500 -0.003601 0.135040 0.990834 -1.000800 0.000000 0.000000 0.000000 1.000000
0.999942 0.010538 0.002269 0.000000 -0.010086 0.988900 -0.148243 10.083500 -0.003806 0.148211 0.988948 -1.000800 0.000000 0.000000 0.000000 1.000000
0.999976 0.006588 0.002249 0.000000 -0.006182 0.988957 -0.148074 10.083500 -0.003200 0.148057 0.988974 -1.000800 0.000000 0.000000 0.000000 1.000000
0.999990 0.003659 0.002667 -0.000000 -0.003299 0.992244 -0.124263 10.083500 -0.003101 0.124253 0.992246 -1.000800 0.000000 0.000000 0.000000 1.000000
0.999984 0.003051 0.004705 -0.000000 -0.002672 0.996892 -0.078740 10.083500 -0.004930 0.078727 0.996884 -1.000800 0.000000 0.000000 0.000000 1.000000
0.999967 0.005783 0.005646 -0.000000 -0.005657 0.999739 -0.022134 10.083500 -0.005773 0.022101 0.999739 -1.000800 0.000000 0.000000 0.000000 1.000000
0.999933 0.011602 0.000573 0.000000 -0.011615 0.999376 0.033352 10.083500 -0.000186 -0.033356 0.999444 -1.000800 0.000000 0.000000 0.000000 1.000000
0.999763 0.018203 -0.011909 0.000000 -0.017231 0.996873 0.077125 10.083500 0.013276 -0.076902 0.996950 -1.000800 0.000000 0.000000 0.000000 1.000000
0.999377 0.021837 -0.027714 -0.000000 -0.019002 0.994933 0.098723 10.083500 0.029729 -0.098135 0.994729 -1.000800 0.000000 0.000000 0.000000 1.000000
0.998953 0.019954 -0.041157 0.000000 -0.016195 0.995835 0.089726 10.083500 0.042776 -0.088965 0.995116 -1.000800 0.000000 0.000000 0.000000 1.000000
0.998661 0.015863 -0.049241 0.000000 -0.012937 0.998164 0.059178 10.083500 0.050089 -0.058462 0.997032 -1.000800 0.000000 0.000000 0.000000 1.000000
0.998533 0.012908 -0.052587 -0.000000 -0.011910 0.999744 0.019239 10.083500 0.052822 -0.018585 0.998431 -1.000800 0.000000 0.000000 0.000000 1.000000
0.998511 0.012528 -0.053094 0.000000 -0.013586 0.999715 -0.019612 10.083500 0.052833 0.020305 0.998397 -1.000800 0.000000 0.000000 0.000000 1.000000</float_array><technique_common><accessor source="#mixamorig_Spine1-Matrix-animation-output-transform-array" count="31" stride="16"><param type="float4x4"/></accessor></technique_common></source><source id="mixamorig_Spine1-Interpolations"><Name_array id="mixamorig_Spine1-Interpolations-array" count="31">
 LINEAR LINEAR LINEAR LINEAR LINEAR LINEAR LINEAR LINEAR LINEAR LINEAR LINEAR
LINEAR LINEAR LINEAR LINEAR LINEAR LINEAR LINEAR LINEAR LINEAR LINEAR LINEAR LINEAR
LINEAR LINEAR LINEAR LINEAR LINEAR LINEAR LINEAR LINEAR</Name_array><technique_common><accessor source="#mixamorig_Spine1-Interpolations-array" count="31"><param type="name"/></accessor></technique_common></source><sampler id="mixamorig_Spine1-Matrix-animation-transform"><input semantic="INPUT" source="#mixamorig_Spine1-Matrix-animation-input"/><input semantic="OUTPUT" source="#mixamorig_Spine1-Matrix-animation-output-transform"/><input semantic="INTERPOLATION" source="#mixamorig_Spine1-Interpolations"/></sampler><channel source="#mixamorig_Spine1-Matrix-animation-transform" target="mixamorig_Spine1/matrix"/></animation>
    <animation id="mixamorig_Spine2-anim" name="mixamorig_Spine2"><source id="mixamorig_Spine2-Matrix-animation-input"><float_array id="mixamorig_Spine2-Matrix-animation-input-array" count="31">

0.000000 0.033333 0.066667 0.100000 0.133333 0.166667 0.200000 0.233333 0.266667 0.300000 0.333333 0.366667 0.400000 0.433333 0.466667 0.500000
0.533333 0.566667 0.600000 0.633333 0.666667 0.700000 0.733333 0.766667 0.800000 0.833333 0.866667 0.900000 0.933333 0.966667 1.000000</float_array><technique_common><accessor source="#mixamorig_Spine2-Matrix-animation-input-array" count="31"><param name="TIME" type="float"/></accessor></technique_common></source><source id="mixamorig_Spine2-Matrix-animation-output-transform"><float_array id="mixamorig_Spine2-Matrix-animation-output-transform-array" count="496">

0.998552 0.012171 -0.052396 0.000000 -0.013247 0.999707 -0.020235 9.100000 0.052134 0.020900 0.998421 -1.373400 0.000000 0.000000 0.000000 1.000000
0.999421 -0.019325 -0.028013 0.000000 0.018564 0.999458 -0.027186 9.100000 0.028524 0.026650 0.999238 -1.373400 0.000000 0.000000 0.000000 1.000000
0.996830 -0.079350 -0.005773 -0.000000 0.079222 0.996660 -0.019795 9.100000 0.007324 0.019275 0.999787 -1.373400 0.000000 0.000000 0.000000 1.000000
0.990242 -0.138967 0.010470 0.000000 0.139114 0.990164 -0.014898 9.100000 -0.008297 0.016209 0.999834 -1.373400 0.000000 0.000000 0.000000 1.000000
0.985565 -0.168056 0.020480 0.000000 0.168637 0.985189 -0.031050 9.100000 -0.014959 0.034055 0.999308 -1.373400 0.000000 0.000000 0.000000 1.000000
0.986688 -0.160361 0.027045 0.000000 0.161982 0.983878 -0.075798 9.100000 -0.014454 0.079170 0.996756 -1.373400 0.000000 0.000000 0.000000 1.000000
0.990384 -0.134779 0.031218 0.000000 0.137878 0.980137 -0.142554 9.100000 -0.011384 0.145487 0.989295 -1.373400 0.000000 0.000000 0.000000 1.000000
0.993393 -0.110546 0.030809 0.000000 0.114611 0.969318 -0.217457 9.100000 -0.005825 0.219551 0.975584 -1.373400 0.000000 0.000000 0.000000 1.000000
0.995548 -0.091027 0.024479 0.000000 0.094215 0.952786 -0.288655 9.100000 0.002952 0.289676 0.957120 -1.373400 0.000000 0.000000 0.000000 1.000000
0.997328 -0.071478 0.015068 -0.000000 0.072221 0.933841 -0.350322 9.100000 0.010969 0.350474 0.936508 -1.373400 0.000000 0.000000 0.000000 1.000000
0.998646 -0.051439 0.007805 0.000000 0.050275 0.915478 -0.399215 9.100000 0.013390 0.399067 0.916824 -1.373400 0.000000 0.000000 0.000000 1.000000
0.999409 -0.033853 0.005950 0.000000 0.033128 0.902546 -0.429318 9.100000 0.009164 0.429261 0.903134 -1.373400 0.000000 0.000000 0.000000 1.000000
0.999795 -0.018410 0.008437 0.000000 0.020249 0.902071 -0.431112 9.100000 0.000326 0.431194 0.902259 -1.373400 0.000000 0.000000 0.000000 1.000000
0.999922 -0.004314 0.011756 -0.000000 0.008709 0.914153 -0.405277 9.100000 -0.008998 0.405347 0.914118 -1.373400 0.000000 0.000000 0.000000 1.000000
0.999899 0.007723 0.011951 -0.000000 -0.002961 0.934427 -0.356143 9.100000 -0.013918 0.356072 0.934355 -1.373400 0.000000 0.000000 0.000000 1.000000
0.999851 0.015175 0.008169 -0.000000 -0.012126 0.956272 -0.292228 9.100000 -0.012246 0.292086 0.956314 -1.373400 0.000000 0.000000 0.000000 1.000000
0.999860 0.016327 0.003782 0.000000 -0.015009 0.972729 -0.231457 9.100000 -0.007458 0.231368 0.972838 -1.373400 0.000000 0.000000 0.000000 1.000000
0.999912 0.013004 0.002601 0.000000 -0.012261 0.981275 -0.192219 9.100000 -0.005052 0.192171 0.981349 -1.373400 0.000000 0.000000 0.000000 1.000000
0.999955 0.008210 0.004681 0.000000 -0.007185 0.982177 -0.187820 9.100000 -0.006140 0.187778 0.982192 -1.373400 0.000000 0.000000 0.000000 1.000000
0.999970 0.003646 0.006891 0.000000 -0.002144 0.978450 -0.206473 9.100000 -0.007495 0.206452 0.978428 -1.373400 0.000000 0.000000 0.000000 1.000000
0.999974 -0.000071 0.007190 0.000000 0.001677 0.974668 -0.223649 9.100000 -0.006992 0.223656 0.974643 -1.373400 0.000000 0.000000 0.000000 1.000000
0.999971 -0.002576 0.007120 0.000000 0.004099 0.974810 -0.222999 9.100000 -0.006366 0.223022 0.974793 -1.373400 0.000000 0.000000 0.000000 1.000000
0.999962 -0.002560 0.008322 0.000000 0.004176 0.979701 -0.200421 9.100000 -0.007640 0.200448 0.979674 -1.373400 0.000000 0.000000 0.000000 1.000000
0.999967 0.000665 0.008077 0.000000 0.000655 0.986721 -0.162425 9.100000 -0.008078 0.162425 0.986688 -1.373400 0.000000 0.000000 0.000000 1.000000
0.999981 0.005992 0.001188 0.000000 -0.005807 0.992856 -0.119177 9.100000 -0.001894 0.119168 0.992872 -1.373400 0.000000 0.000000 0.000000 1.000000
0.999849 0.010895 -0.013507 0.000000 -0.011940 0.996732 -0.079897 9.100000 0.012592 0.080047 0.996712 -1.373400 0.000000 0.000000 0.000000 1.000000
0.999444 0.012765 -0.030805 0.000000 -0.014401 0.998464 -0.053493 9.100000 0.030075 0.053907 0.998093 -1.373400 0.000000 0.000000 0.000000 1.000000
0.998980 0.010957 -0.043806 0.000000 -0.012565 0.999251 -0.036610 9.100000 0.043372 0.037123 0.998369 -1.373400 0.000000 0.000000 0.000000 1.000000
0.998676 0.009825 -0.050498 0.000000 -0.010630 0.999820 -0.015698 9.100000 0.050335 0.016214 0.998601 -1.373400 0.000000 0.000000 0.000000 1.000000
0.998562 0.010590 -0.052546 0.000000 -0.010842 0.999931 -0.004518 9.100000 0.052495 0.005081 0.998608 -1.373400 0.000000 0.000000 0.000000 1.000000
0.998552 0.012171 -0.052396 0.000000 -0.013247 0.999707 -0.020235 9.100000 0.052135 0.020900 0.998421 -1.373400 0.000000 0.000000 0.000000 1.000000</float_array><technique_common><accessor source="#mixamorig_Spine2-Matrix-animation-output-transform-array" count="31" stride="16"><param type="float4x4"/></accessor></technique_common></source><source id="mixamorig_Spine2-Interpolations"><Name_array id="mixamorig_Spine2-Interpolations-array" count="31">
 LINEAR LINEAR LINEAR LINEAR LINEAR LINEAR LINEAR LINEAR LINEAR LINEAR LINEAR
LINEAR LINEAR LINEAR LINEAR LINEAR LINEAR LINEAR LINEAR LINEAR LINEAR LINEAR LINEAR
LINEAR LINEAR LINEAR LINEAR LINEAR LINEAR LINEAR LINEAR</Name_array><technique_common><accessor source="#mixamorig_Spine2-Interpolations-array" count="31"><param type="name"/></accessor></technique_common></source><sampler id="mixamorig_Spine2-Matrix-animation-transform"><input semantic="INPUT" source="#mixamorig_Spine2-Matrix-animation-input"/><input semantic="OUTPUT" source="#mixamorig_Spine2-Matrix-animation-output-transform"/><input semantic="INTERPOLATION" source="#mixamorig_Spine2-Interpolations"/></sampler><channel source="#mixamorig_Spine2-Matrix-animation-transform" target="mixamorig_Spine2/matrix"/></animation>
    <animation id="mixamorig_Neck-anim" name="mixamorig_Neck"><source id="mixamorig_Neck-Matrix-animation-input"><float_array id="mixamorig_Neck-Matrix-animation-input-array" count="31">

0.000000 0.033333 0.066667 0.100000 0.133333 0.166667 0.200000 0.233333 0.266667 0.300000 0.333333 0.366667 0.400000 0.433333 0.466667 0.500000
0.533333 0.566667 0.600000 0.633333 0.666667 0.700000 0.733333 0.766667 0.800000 0.833333 0.866667 0.900000 0.933333 0.966667 1.000000</float_array><technique_common><accessor source="#mixamorig_Neck-Matrix-animation-input-array" count="31"><param name="TIME" type="float"/></accessor></technique_common></source><source id="mixamorig_Neck-Matrix-animation-output-transform"><float_array id="mixamorig_Neck-Matrix-animation-output-transform-array" count="496">

0.999269 0.023759 0.029938 0.000000 -0.027426 0.991304 0.128702 16.671700 -0.026620 -0.129429 0.991231 -2.516200 0.000000 0.000000 0.000000 1.000000
0.999148 0.027136 0.031111 0.000000 -0.031357 0.989025 0.144380 16.671700 -0.026851 -0.145232 0.989033 -2.516200 0.000000 0.000000 0.000000 1.000000
0.997666 0.061026 0.030636 0.000000 -0.064621 0.988763 0.134800 16.671700 -0.022066 -0.136465 0.990399 -2.516200 0.000000 0.000000 0.000000 1.000000
0.993967 0.106475 0.026332 0.000000 -0.108616 0.988915 0.101245 16.671700 -0.015261 -0.103494 0.994513 -2.516200 0.000000 0.000000 0.000000 1.000000
0.990502 0.136466 0.016826 0.000000 -0.137227 0.988810 0.058505 16.671700 -0.008654 -0.060258 0.998145 -2.516200 0.000000 0.000000 0.000000 1.000000
0.990624 0.136553 0.004152 -0.000000 -0.136614 0.990288 0.025814 16.671700 -0.000586 -0.026139 0.999658 -2.516200 0.000000 0.000000 0.000000 1.000000
0.993204 0.116237 -0.005878 0.000000 -0.116175 0.993178 0.010032 16.671700 0.007004 -0.009281 0.999932 -2.516200 0.000000 0.000000 0.000000 1.000000
0.995412 0.095377 -0.007628 0.000000 -0.095351 0.995437 0.003764 16.671700 0.007952 -0.003020 0.999964 -2.516200 0.000000 0.000000 0.000000 1.000000
0.996419 0.084553 -0.000902 0.000000 -0.084555 0.996415 -0.002760 16.671700 0.000666 0.002826 0.999996 -2.516200 0.000000 0.000000 0.000000 1.000000
0.996744 0.080179 0.008575 0.000000 -0.080077 0.996721 -0.011611 16.671700 -0.009478 0.010887 0.999896 -2.516200 0.000000 0.000000 0.000000 1.000000
0.997130 0.074362 0.014208 -0.000000 -0.074092 0.997077 -0.018634 16.671700 -0.015552 0.017528 0.999725 -2.516200 0.000000 0.000000 0.000000 1.000000
0.997808 0.064737 0.013742 0.000000 -0.064433 0.997689 -0.021544 16.671700 -0.015105 0.020612 0.999673 -2.516200 0.000000 0.000000 0.000000 1.000000
0.998433 0.055097 0.009813 -0.000000 -0.054849 0.998207 -0.023959 16.671700 -0.011116 0.023383 0.999665 -2.516200 0.000000 0.000000 0.000000 1.000000
0.998770 0.049129 0.006638 0.000000 -0.048856 0.998142 -0.036410 16.671700 -0.008415 0.036041 0.999315 -2.516200 0.000000 0.000000 0.000000 1.000000
0.998895 0.046670 0.005501 0.000000 -0.046196 0.996666 -0.067247 16.671700 -0.008621 0.066918 0.997721 -2.516200 0.000000 0.000000 0.000000 1.000000
0.999006 0.044389 0.004017 0.000000 -0.043611 0.992113 -0.117514 16.671700 -0.009201 0.117222 0.993063 -2.516200 0.000000 0.000000 0.000000 1.000000
0.999198 0.040046 -0.000714 -0.000000 -0.039523 0.982948 -0.179589 16.671700 -0.006490 0.179473 0.983742 -2.516200 0.000000 0.000000 0.000000 1.000000
0.999269 0.037124 -0.009083 0.000000 -0.038219 0.970934 -0.236278 16.671700 0.000048 0.236452 0.971643 -2.516200 0.000000 0.000000 0.000000 1.000000
0.998889 0.043437 -0.018298 0.000000 -0.046753 0.962357 -0.267739 16.671700 0.005979 0.268297 0.963318 -2.516200 0.000000 0.000000 0.000000 1.000000
0.997707 0.063128 -0.024424 0.000000 -0.067329 0.962670 -0.262170 16.671700 0.006962 0.263213 0.964713 -2.516200 0.000000 0.000000 0.000000 1.000000
0.995647 0.089649 -0.025502 0.000000 -0.093076 0.970752 -0.221310 16.671700 0.004916 0.222720 0.974870 -2.516200 0.000000 0.000000 0.000000 1.000000
0.993822 0.108516 -0.023263 0.000000 -0.110823 0.981569 -0.155695 16.671700 0.005939 0.157311 0.987531 -2.516200 0.000000 0.000000 0.000000 1.000000
0.993779 0.109256 -0.021598 0.000000 -0.110540 0.991283 -0.071685 16.671700 0.013578 0.073626 0.997193 -2.516200 0.000000 0.000000 0.000000 1.000000
0.995328 0.093910 -0.022417 -0.000000 -0.093204 0.995173 0.030706 16.671700 0.025192 -0.028473 0.999277 -2.516200 0.000000 0.000000 0.000000 1.000000
0.996968 0.074119 -0.023670 0.000000 -0.069937 0.986976 0.144869 16.671700 0.034099 -0.142774 0.989168 -2.516200 0.000000 0.000000 0.000000 1.000000
0.997928 0.060572 -0.021717 0.000000 -0.053397 0.967847 0.245806 16.671700 0.035907 -0.244137 0.969076 -2.516200 0.000000 0.000000 0.000000 1.000000
0.998350 0.055445 -0.014913 0.000000 -0.048431 0.952725 0.299950 16.671700 0.030839 -0.298733 0.953838 -2.516200 0.000000 0.000000 0.000000 1.000000
0.998556 0.053542 -0.004409 0.000000 -0.049952 0.955526 0.290647 16.671700 0.019775 -0.290007 0.956820 -2.516200 0.000000 0.000000 0.000000 1.000000
0.998767 0.049098 0.007308 0.000000 -0.049434 0.970470 0.236104 16.671700 0.004500 -0.236174 0.971700 -2.516200 0.000000 0.000000 0.000000 1.000000
0.999056 0.039125 0.018860 0.000000 -0.041794 0.984165 0.172256 16.671700 -0.011821 -0.172882 0.984872 -2.516200 0.000000 0.000000 0.000000 1.000000
0.999269 0.023759 0.029938 0.000000 -0.027425 0.991304 0.128702 16.671700 -0.026620 -0.129429 0.991231 -2.516200 0.000000 0.000000 0.000000 1.000000</float_array><technique_common><accessor source="#mixamorig_Neck-Matrix-animation-output-transform-array" count="31" stride="16"><param type="float4x4"/></accessor></technique_common></source><source id="mixamorig_Neck-Interpolations"><Name_array id="mixamorig_Neck-Interpolations-array" count="31">
 LINEAR LINEAR LINEAR LINEAR LINEAR LINEAR LINEAR LINEAR LINEAR LINEAR LINEAR
LINEAR LINEAR LINEAR LINEAR LINEAR LINEAR LINEAR LINEAR LINEAR LINEAR LINEAR LINEAR
LINEAR LINEAR LINEAR LINEAR LINEAR LINEAR LINEAR LINEAR</Name_array><technique_common><accessor source="#mixamorig_Neck-Interpolations-array" count="31"><param type="name"/></accessor></technique_common></source><sampler id="mixamorig_Neck-Matrix-animation-transform"><input semantic="INPUT" source="#mixamorig_Neck-Matrix-animation-input"/><input semantic="OUTPUT" source="#mixamorig_Neck-Matrix-animation-output-transform"/><input semantic="INTERPOLATION" source="#mixamorig_Neck-Interpolations"/></sampler><channel source="#mixamorig_Neck-Matrix-animation-transform" target="mixamorig_Neck/matrix"/></animation>
    <animation id="mixamorig_Head-anim" name="mixamorig_Head"><source id="mixamorig_Head-Matrix-animation-input"><float_array id="mixamorig_Head-Matrix-animation-input-array" count="31">

0.000000 0.033333 0.066667 0.100000 0.133333 0.166667 0.200000 0.233333 0.266667 0.300000 0.333333 0.366667 0.400000 0.433333 0.466667 0.500000
0.533333 0.566667 0.600000 0.633333 0.666667 0.700000 0.733333 0.766667 0.800000 0.833333 0.866667 0.900000 0.933333 0.966667 1.000000</float_array><technique_common><accessor source="#mixamorig_Head-Matrix-animation-input-array" count="31"><param name="TIME" type="float"/></accessor></technique_common></source><source id="mixamorig_Head-Matrix-animation-output-transform"><float_array id="mixamorig_Head-Matrix-animation-output-transform-array" count="496">

0.994802 -0.066506 -0.077111 0.000000 0.092577 0.906072 0.412871 9.617900 0.042410 -0.417863 0.907520 1.685000 0.000000 0.000000 0.000000 1.000000
0.997932 -0.062916 0.013144 -0.000000 0.057469 0.964991 0.255910 9.617900 -0.028785 -0.254625 0.966611 1.685000 0.000000 0.000000 0.000000 1.000000
0.996109 -0.003321 0.088069 0.000000 0.001470 0.999777 0.021074 9.617900 -0.088119 -0.020863 0.995891 1.685000 0.000000 0.000000 0.000000 1.000000
0.988681 0.084438 0.124016 0.000000 -0.055123 0.973217 -0.223181 9.617900 -0.139540 0.213819 0.966856 1.685000 0.000000 0.000000 0.000000 1.000000
0.980533 0.156913 0.118036 0.000000 -0.100728 0.917992 -0.383594 9.617900 -0.168547 0.364237 0.915928 1.685000 0.000000 0.000000 0.000000 1.000000
0.977504 0.189563 0.092479 0.000000 -0.133161 0.894681 -0.426396 9.617900 -0.163568 0.404489 0.899797 1.685000 0.000000 0.000000 0.000000 1.000000
0.978524 0.193001 0.072395 -0.000000 -0.151828 0.912374 -0.380161 9.617900 -0.139423 0.361006 0.922083 1.685000 0.000000 0.000000 0.000000 1.000000
0.979147 0.190798 0.069763 -0.000000 -0.163369 0.943637 -0.287853 9.617900 -0.120753 0.270453 0.955130 1.685000 0.000000 0.000000 0.000000 1.000000
0.977751 0.193500 0.081001 0.000000 -0.176957 0.968197 -0.176864 9.617900 -0.112648 0.158595 0.980897 1.685000 0.000000 0.000000 0.000000 1.000000
0.976333 0.195427 0.092641 0.000000 -0.190616 0.979932 -0.058291 9.617900 -0.102173 0.039252 0.993992 1.685000 0.000000 0.000000 0.000000 1.000000
0.977646 0.189107 0.091909 0.000000 -0.194686 0.979265 0.056010 9.617900 -0.079412 -0.072651 0.994191 1.685000 0.000000 0.000000 0.000000 1.000000
0.981746 0.174662 0.075286 0.000000 -0.184212 0.971707 0.147822 9.617900 -0.047337 -0.158992 0.986144 1.685000 0.000000 0.000000 0.000000 1.000000
0.986552 0.156120 0.048394 0.000000 -0.162801 0.964915 0.205995 9.617900 -0.014536 -0.211103 0.977356 1.685000 0.000000 0.000000 0.000000 1.000000
0.990705 0.134801 0.018232 0.000000 -0.135391 0.964203 0.227994 9.617900 0.013154 -0.228343 0.973492 1.685000 0.000000 0.000000 0.000000 1.000000
0.993859 0.109368 -0.016797 0.000000 -0.102920 0.969455 0.222630 9.617900 0.040632 -0.219534 0.974758 1.685000 0.000000 0.000000 0.000000 1.000000
0.994555 0.080682 -0.065956 0.000000 -0.065998 0.977465 0.200515 9.617900 0.080647 -0.195071 0.977468 1.685000 0.000000 0.000000 0.000000 1.000000
0.989278 0.055590 -0.135051 0.000000 -0.031969 0.984726 0.171153 9.617900 0.142503 -0.165000 0.975945 1.685000 0.000000 0.000000 0.000000 1.000000
0.975091 0.045349 -0.217119 -0.000000 -0.012175 0.988344 0.151752 9.617900 0.221470 -0.145328 0.964277 1.685000 0.000000 0.000000 0.000000 1.000000
0.954404 0.054286 -0.293540 0.000000 -0.009347 0.988279 0.152375 9.617900 0.298371 -0.142683 0.943725 1.685000 0.000000 0.000000 0.000000 1.000000
0.934981 0.067637 -0.348190 0.000000 -0.016222 0.988777 0.148513 9.617900 0.354327 -0.133209 0.925585 1.685000 0.000000 0.000000 0.000000 1.000000
0.922090 0.057575 -0.382668 -0.000000 -0.024479 0.995568 0.090805 9.617900 0.386201 -0.074363 0.919412 1.685000 0.000000 0.000000 0.000000 1.000000
0.912371 0.005092 -0.409333 0.000000 -0.024474 0.998813 -0.042125 9.617900 0.408632 0.048452 0.911412 1.685000 0.000000 0.000000 0.000000 1.000000
0.900117 -0.080770 -0.428095 -0.000000 -0.008432 0.979248 -0.202488 9.617900 0.435567 0.185872 0.880757 1.685000 0.000000 0.000000 0.000000 1.000000
0.888005 -0.165492 -0.429021 -0.000000 0.024030 0.948419 -0.316108 9.617900 0.459205 0.270396 0.846178 1.685000 0.000000 0.000000 0.000000 1.000000
0.883330 -0.220726 -0.413530 0.000000 0.068485 0.933500 -0.351976 9.617900 0.463721 0.282590 0.839706 1.685000 0.000000 0.000000 0.000000 1.000000
0.887804 -0.242562 -0.391111 0.000000 0.115108 0.939855 -0.321595 9.617900 0.445594 0.240493 0.862328 1.685000 0.000000 0.000000 0.000000 1.000000
0.900386 -0.236397 -0.365269 -0.000000 0.155309 0.958839 -0.237711 9.617900 0.406428 0.157302 0.900040 1.685000 0.000000 0.000000 0.000000 1.000000
0.922143 -0.205542 -0.327726 -0.000000 0.182768 0.978139 -0.099199 9.617900 0.340951 0.031578 0.939551 1.685000 0.000000 0.000000 0.000000 1.000000
0.950629 -0.156964 -0.267705 0.000000 0.186314 0.978555 0.087848 9.617900 0.248175 -0.133388 0.959488 1.685000 0.000000 0.000000 0.000000 1.000000
0.977564 -0.106155 -0.181934 -0.000000 0.154402 0.948642 0.276114 9.617900 0.143279 -0.298010 0.943748 1.685000 0.000000 0.000000 0.000000 1.000000
0.994802 -0.066506 -0.077111 0.000000 0.092577 0.906072 0.412871 9.617900 0.042410 -0.417863 0.907520 1.685000 0.000000 0.000000 0.000000 1.000000</float_array><technique_common><accessor source="#mixamorig_Head-Matrix-animation-output-transform-array" count="31" stride="16"><param type="float4x4"/></accessor></technique_common></source><source id="mixamorig_Head-Interpolations"><Name_array id="mixamorig_Head-Interpolations-array" count="31">
 LINEAR LINEAR LINEAR LINEAR LINEAR LINEAR LINEAR LINEAR LINEAR LINEAR LINEAR
LINEAR LINEAR LINEAR LINEAR LINEAR LINEAR LINEAR LINEAR LINEAR LINEAR LINEAR LINEAR
LINEAR LINEAR LINEAR LINEAR LINEAR LINEAR LINEAR LINEAR</Name_array><technique_common><accessor source="#mixamorig_Head-Interpolations-array" count="31"><param type="name"/></accessor></technique_common></source><sampler id="mixamorig_Head-Matrix-animation-transform"><input semantic="INPUT" source="#mixamorig_Head-Matrix-animation-input"/><input semantic="OUTPUT" source="#mixamorig_Head-Matrix-animation-output-transform"/><input semantic="INTERPOLATION" source="#mixamorig_Head-Interpolations"/></sampler><channel source="#mixamorig_Head-Matrix-animation-transform" target="mixamorig_Head/matrix"/></animation>
    <animation id="mixamorig_LeftShoulder-anim" name="mixamorig_LeftShoulder"><source id="mixamorig_LeftShoulder-Matrix-animation-input"><float_array id="mixamorig_LeftShoulder-Matrix-animation-input-array" count="31">

0.000000 0.033333 0.066667 0.100000 0.133333 0.166667 0.200000 0.233333 0.266667 0.300000 0.333333 0.366667 0.400000 0.433333 0.466667 0.500000
