<?xml version="1.0" encoding="utf-8"?>
<COLLADA xmlns="http://www.collada.org/2005/11/COLLADASchema" version="1.4.1">
  <asset><contributor><author>Mixamo</author><authoring_tool>COLLADA Mixamo exporter</authoring_tool><comments></comments></contributor><created>2019-03-19T12:27:12Z</created><modified>2019-03-19T12:27:12Z</modified><revision></revision><title></title><unit meter="0.010000"/><up_axis>Y_UP</up_axis></asset>
  <library_animations>
    <animation id="mixamorig_Hips-anim" name="mixamorig_Hips"><source id="mixamorig_Hips-Matrix-animation-input"><float_array id="mixamorig_Hips-Matrix-animation-input-array" count="27">

0.000000 0.033333 0.066667 0.100000 0.133333 0.166667 0.200000 0.233333 0.266667 0.300000 0.333333 0.366667 0.400000 0.433333 0.466667 0.500000
0.533333 0.566667 0.600000 0.633333 0.666667 0.700000 0.733333 0.766667 0.800000 0.833333 0.866667</float_array><technique_common><accessor source="#mixamorig_Hips-Matrix-animation-input-array" count="27"><param name="TIME" type="float"/></accessor></technique_common></source><source id="mixamorig_Hips-Matrix-animation-output-transform"><float_array id="mixamorig_Hips-Matrix-animation-output-transform-array" count="432">

0.994594 -0.067010 0.079322 0.398206 0.068431 0.997538 -0.015333 95.698410 -0.078099 0.020679 0.996731 0.696079 0.000000 0.000000 0.000000 1.000000
0.995143 -0.050907 0.084259 -0.119587 0.052244 0.998540 -0.013743 95.059547 -0.083436 0.018079 0.996349 6.478515 0.000000 0.000000 0.000000 1.000000
0.996810 -0.029791 0.074041 -0.697492 0.030629 0.999479 -0.010209 94.744431 -0.073698 0.012444 0.997203 12.036459 0.000000 0.000000 0.000000 1.000000
0.998524 -0.004627 0.054118 -1.252336 0.004912 0.999975 -0.005129 94.832802 -0.054093 0.005387 0.998521 17.338331 0.000000 0.000000 0.000000 1.000000
0.999196 0.015541 0.036957 -1.767205 -0.015477 0.999878 -0.001999 95.368080 -0.036984 0.001425 0.999315 22.543484 0.000000 0.000000 0.000000 1.000000
0.999175 0.023800 0.032906 -2.197272 -0.023663 0.999710 -0.004544 96.296303 -0.033004 0.003761 0.999448 27.841711 0.000000 0.000000 0.000000 1.000000
0.999021 0.022657 0.038005 -2.465021 -0.022208 0.999679 -0.012203 97.377472 -0.038269 0.011347 0.999203 33.271835 0.000000 0.000000 0.000000 1.000000
0.999253 0.017525 0.034435 -2.527770 -0.016754 0.999605 -0.022555 98.287315 -0.034817 0.021961 0.999152 38.770878 0.000000 0.000000 0.000000 1.000000
0.999914 0.011038 0.007052 -2.422029 -0.010778 0.999297 -0.035917 98.870895 -0.007443 0.035838 0.999330 44.259525 0.000000 0.000000 0.000000 1.000000
0.999196 0.003431 -0.039944 -2.218262 -0.005530 0.998603 -0.052547 99.150414 0.039708 0.052726 0.997819 49.680603 0.000000 0.000000 0.000000 1.000000
0.996232 -0.000905 -0.086719 -1.944225 -0.004951 0.997721 -0.067288 99.038933 0.086583 0.067464 0.993958 55.022511 0.000000 0.000000 0.000000 1.000000
0.992891 0.003536 -0.118973 -1.607894 -0.012310 0.997249 -0.073097 98.380966 0.118387 0.074042 0.990203 60.354130 0.000000 0.000000 0.000000 1.000000
0.990159 0.012089 -0.139421 -1.275125 -0.022089 0.997274 -0.070400 97.300301 0.138190 0.072787 0.987727 65.805893 0.000000 0.000000 0.000000 1.000000
0.987506 0.010517 -0.157227 -1.024395 -0.021099 0.997610 -0.065792 96.370537 0.156160 0.068287 0.985368 71.308777 0.000000 0.000000 0.000000 1.000000
0.984901 -0.008330 -0.172917 -0.832582 -0.002420 0.998081 -0.061867 95.869423 0.173100 0.061352 0.982991 76.856712 0.000000 0.000000 0.000000 1.000000
0.983072 -0.040465 -0.178693 -0.614751 0.031113 0.998011 -0.054832 95.652519 0.180556 0.048344 0.982376 82.412987 0.000000 0.000000 0.000000 1.000000
0.980858 -0.085804 -0.174801 -0.382073 0.079431 0.995906 -0.043145 95.253441 0.177788 0.028434 0.983658 87.733948 0.000000 0.000000 0.000000 1.000000
0.977615 -0.121609 -0.171697 -0.095050 0.117591 0.992500 -0.033418 95.102402 0.174473 0.012480 0.984583 92.856300 0.000000 0.000000 0.000000 1.000000
0.974457 -0.138795 -0.176547 0.134266 0.135060 0.990286 -0.033060 95.433784 0.179421 0.008371 0.983737 98.070786 0.000000 0.000000 0.000000 1.000000
0.973505 -0.138426 -0.182007 0.230465 0.133416 0.990271 -0.039552 96.207298 0.185711 0.014221 0.982502 103.426697 0.000000 0.000000 0.000000 1.000000
0.976716 -0.127239 -0.172731 0.202434 0.121408 0.991629 -0.043958 97.164185 0.176879 0.021964 0.983988 108.906303 0.000000 0.000000 0.000000 1.000000
0.983626 -0.111801 -0.141353 0.128310 0.106857 0.993382 -0.042126 97.944778 0.145127 0.026332 0.989063 114.382507 0.000000 0.000000 0.000000 1.000000
0.990901 -0.095489 -0.094857 0.101366 0.092351 0.995041 -0.036954 98.295547 0.097915 0.027858 0.994805 119.785927 0.000000 0.000000 0.000000 1.000000
0.995608 -0.081432 -0.046194 0.158854 0.079994 0.996276 -0.032173 98.101692 0.048642 0.028337 0.998414 125.110268 0.000000 0.000000 0.000000 1.000000
0.997350 -0.072712 -0.002210 0.263205 0.072623 0.996970 -0.027858 97.438614 0.004229 0.027623 0.999609 130.382645 0.000000 0.000000 0.000000 1.000000
0.996804 -0.070002 0.038502 0.349481 0.070896 0.997233 -0.022366 96.524330 -0.036830 0.025024 0.999008 135.669937 0.000000 0.000000 0.000000 1.000000
0.994501 -0.068483 0.079230 0.398538 0.069907 0.997436 -0.015339 95.757057 -0.077976 0.020793 0.996738 140.948883 0.000000 0.000000 0.000000 1.000000</float_array><technique_common><accessor source="#mixamorig_Hips-Matrix-animation-output-transform-array" count="27" stride="16"><param type="float4x4"/></accessor></technique_common></source><source id="mixamorig_Hips-Interpolations"><Name_array id="mixamorig_Hips-Interpolations-array" count="27">
 LINEAR LINEAR LINEAR LINEAR LINEAR LINEAR LINEAR LINEAR LINEAR LINEAR LINEAR
LINEAR LINEAR LINEAR LINEAR LINEAR LINEAR LINEAR LINEAR LINEAR LINEAR LINEAR LINEAR
LINEAR LINEAR LINEAR LINEAR</Name_array><technique_common><accessor source="#mixamorig_Hips-Interpolations-array" count="27"><param type="name"/></accessor></technique_common></source><sampler id="mixamorig_Hips-Matrix-animation-transform"><input semantic="INPUT" source="#mixamorig_Hips-Matrix-animation-input"/><input semantic="OUTPUT" source="#mixamorig_Hips-Matrix-animation-output-transform"/><input semantic="INTERPOLATION" source="#mixamorig_Hips-Interpolations"/></sampler><channel source="#mixamorig_Hips-Matrix-animation-transform" target="mixamorig_Hips/matrix"/></animation>
    <animation id="mixamorig_Spine-anim" name="mixamorig_Spine"><source id="mixamorig_Spine-Matrix-animation-input"><float_array id="mixamorig_Spine-Matrix-animation-input-array" count="27">

0.000000 0.033333 0.066667 0.100000 0.133333 0.166667 0.200000 0.233333 0.266667 0.300000 0.333333 0.366667 0.400000 0.433333 0.466667 0.500000
0.533333 0.566667 0.600000 0.633333 0.666667 0.700000 0.733333 0.766667 0.800000 0.833333 0.866667</float_array><technique_common><accessor source="#mixamorig_Spine-Matrix-animation-input-array" count="27"><param name="TIME" type="float"/></accessor></technique_common></source><source id="mixamorig_Spine-Matrix-animation-output-transform"><float_array id="mixamorig_Spine-Matrix-animation-output-transform-array" count="432">

0.999432 0.018276 -0.028316 -0.000000 -0.019088 0.999406 -0.028687 10.181600 0.027775 0.029211 0.999187 0.131500 0.000000 0.000000 0.000000 1.000000
0.999474 0.010645 -0.030624 -0.000000 -0.011568 0.999479 -0.030132 10.181600 0.030287 0.030470 0.999077 0.131500 0.000000 0.000000 0.000000 1.000000
0.999509 0.002613 -0.031238 0.000000 -0.003576 0.999519 -0.030802 10.181600 0.031143 0.030898 0.999037 0.131500 0.000000 0.000000 0.000000 1.000000
0.999553 -0.002871 -0.029772 0.000000 0.001970 0.999541 -0.030241 10.181600 0.029845 0.030168 0.999099 0.131500 0.000000 0.000000 0.000000 1.000000
0.999565 -0.007973 -0.028384 0.000000 0.007102 0.999504 -0.030685 10.181600 0.028614 0.030470 0.999126 0.131500 0.000000 0.000000 0.000000 1.000000
0.999554 -0.012052 -0.027310 0.000000 0.011190 0.999441 -0.031498 10.181600 0.027675 0.031178 0.999131 0.131500 0.000000 0.000000 0.000000 1.000000
0.999541 -0.015054 -0.026290 0.000000 0.014221 0.999399 -0.031623 10.181600 0.026751 0.031234 0.999154 0.131500 0.000000 0.000000 0.000000 1.000000
0.999578 -0.017465 -0.023216 0.000000 0.016752 0.999394 -0.030526 10.181600 0.023735 0.030125 0.999264 0.131500 0.000000 0.000000 0.000000 1.000000
0.999686 -0.019566 -0.015661 0.000000 0.019126 0.999430 -0.027807 10.181600 0.016196 0.027498 0.999491 0.131500 0.000000 0.000000 0.000000 1.000000
0.999769 -0.021007 -0.004478 0.000000 0.020897 0.999505 -0.023497 10.181600 0.004970 0.023398 0.999714 0.131500 0.000000 0.000000 0.000000 1.000000
0.999676 -0.024566 0.006653 0.000000 0.024685 0.999524 -0.018494 10.181600 -0.006195 0.018652 0.999807 0.131500 0.000000 0.000000 0.000000 1.000000
0.999362 -0.032426 0.014964 -0.000000 0.032636 0.999369 -0.014000 10.181600 -0.014500 0.014479 0.999790 0.131500 0.000000 0.000000 0.000000 1.000000
0.999124 -0.037092 0.019360 0.000000 0.037317 0.999238 -0.011405 10.181600 -0.018922 0.012118 0.999748 0.131500 0.000000 0.000000 0.000000 1.000000
0.999426 -0.027918 0.019209 -0.000000 0.028143 0.999537 -0.011537 10.181600 -0.018878 0.012071 0.999749 0.131500 0.000000 0.000000 0.000000 1.000000
0.999845 -0.008702 0.015291 0.000000 0.008906 0.999872 -0.013313 10.181600 -0.015173 0.013447 0.999794 0.131500 0.000000 0.000000 0.000000 1.000000
0.999912 0.008846 0.009932 0.000000 -0.008696 0.999849 -0.015032 10.181600 -0.010064 0.014945 0.999838 0.131500 0.000000 0.000000 0.000000 1.000000
0.999452 0.032263 0.007361 0.000000 -0.032134 0.999340 -0.016968 10.181600 -0.007904 0.016722 0.999829 0.131500 0.000000 0.000000 0.000000 1.000000
0.998514 0.053745 0.009069 0.000000 -0.053562 0.998378 -0.019326 10.181600 -0.010092 0.018811 0.999772 0.131500 0.000000 0.000000 0.000000 1.000000
0.997412 0.070768 0.012689 0.000000 -0.070490 0.997287 -0.021214 10.181600 -0.014156 0.020264 0.999694 0.131500 0.000000 0.000000 0.000000 1.000000
0.996756 0.079116 0.014773 0.000000 -0.078783 0.996652 -0.021870 10.181600 -0.016454 0.020635 0.999652 0.131500 0.000000 0.000000 0.000000 1.000000
0.996807 0.078793 0.012926 0.000000 -0.078501 0.996677 -0.021758 10.181600 -0.014598 0.020674 0.999680 0.131500 0.000000 0.000000 0.000000 1.000000
0.997246 0.073851 0.006753 0.000000 -0.073691 0.997050 -0.021455 10.181600 -0.008318 0.020898 0.999747 0.131500 0.000000 0.000000 0.000000 1.000000
0.997808 0.066147 -0.002165 0.000000 -0.066178 0.997582 -0.021241 10.181600 0.000755 0.021337 0.999772 0.131500 0.000000 0.000000 0.000000 1.000000
0.998390 0.055553 -0.011474 0.000000 -0.055795 0.998201 -0.021954 10.181600 0.010233 0.022558 0.999693 0.131500 0.000000 0.000000 0.000000 1.000000
0.998857 0.043438 -0.019929 -0.000000 -0.043918 0.998739 -0.024314 10.181600 0.018848 0.025161 0.999506 0.131500 0.000000 0.000000 0.000000 1.000000
0.999179 0.031884 -0.024990 0.000000 -0.032546 0.999117 -0.026556 10.181600 0.024121 0.027347 0.999335 0.131500 0.000000 0.000000 0.000000 1.000000
0.999405 0.019759 -0.028266 0.000000 -0.020569 0.999378 -0.028646 10.181600 0.027682 0.029210 0.999190 0.131500 0.000000 0.000000 0.000000 1.000000</float_array><technique_common><accessor source="#mixamorig_Spine-Matrix-animation-output-transform-array" count="27" stride="16"><param type="float4x4"/></accessor></technique_common></source><source id="mixamorig_Spine-Interpolations"><Name_array id="mixamorig_Spine-Interpolations-array" count="27">
 LINEAR LINEAR LINEAR LINEAR LINEAR LINEAR LINEAR LINEAR LINEAR LINEAR LINEAR
LINEAR LINEAR LINEAR LINEAR LINEAR LINEAR LINEAR LINEAR LINEAR LINEAR LINEAR LINEAR
LINEAR LINEAR LINEAR LINEAR</Name_array><technique_common><accessor source="#mixamorig_Spine-Interpolations-array" count="27"><param type="name"/></accessor></technique_common></source><sampler id="mixamorig_Spine-Matrix-animation-transform"><input semantic="INPUT" source="#mixamorig_Spine-Matrix-animation-input"/><input semantic="OUTPUT" source="#mixamorig_Spine-Matrix-animation-output-transform"/><input semantic="INTERPOLATION" source="#mixamorig_Spine-Interpolations"/></sampler><channel source="#mixamorig_Spine-Matrix-animation-transform" target="mixamorig_Spine/matrix"/></animation>
    <animation id="mixamorig_Spine1-anim" name="mixamorig_Spine1"><source id="mixamorig_Spine1-Matrix-animation-input"><float_array id="mixamorig_Spine1-Matrix-animation-input-array" count="27">

0.000000 0.033333 0.066667 0.100000 0.133333 0.166667 0.200000 0.233333 0.266667 0.300000 0.333333 0.366667 0.400000 0.433333 0.466667 0.500000
0.533333 0.566667 0.600000 0.633333 0.666667 0.700000 0.733333 0.766667 0.800000 0.833333 0.866667</float_array><technique_common><accessor source="#mixamorig_Spine1-Matrix-animation-input-array" count="27"><param name="TIME" type="float"/></accessor></technique_common></source><source id="mixamorig_Spine1-Matrix-animation-output-transform"><float_array id="mixamorig_Spine1-Matrix-animation-output-transform-array" count="432">

0.996790 0.021277 -0.077183 -0.000000 -0.025657 0.998089 -0.056214 10.083500 0.075839 0.058014 0.995431 -1.000800 0.000000 0.000000 0.000000 1.000000
0.996187 0.012810 -0.086295 0.000000 -0.017922 0.998113 -0.058722 10.083500 0.085380 0.060045 0.994538 -1.000800 0.000000 0.000000 0.000000 1.000000
0.995895 0.005020 -0.090374 0.000000 -0.010518 0.998116 -0.060453 10.083500 0.089900 0.061155 0.994071 -1.000800 0.000000 0.000000 0.000000 1.000000
0.996472 -0.000869 -0.083924 0.000000 -0.004303 0.998103 -0.061419 10.083500 0.083818 0.061564 0.994578 -1.000800 0.000000 0.000000 0.000000 1.000000
0.997196 -0.002946 -0.074774 -0.000000 -0.001807 0.997986 -0.063411 10.083500 0.074811 0.063368 0.995182 -1.000800 0.000000 0.000000 0.000000 1.000000
0.997721 -0.000286 -0.067468 0.000000 -0.004066 0.997919 -0.064355 10.083500 0.067346 0.064483 0.995644 -1.000800 0.000000 0.000000 0.000000 1.000000
0.998106 0.005509 -0.061271 -0.000000 -0.009378 0.997967 -0.063047 10.083500 0.060799 0.063502 0.996128 -1.000800 0.000000 0.000000 0.000000 1.000000
0.998632 0.012550 -0.050770 0.000000 -0.015571 0.998104 -0.059550 10.083500 0.049926 0.060259 0.996933 -1.000800 0.000000 0.000000 0.000000 1.000000
0.999286 0.020383 -0.031825 0.000000 -0.022079 0.998304 -0.053862 10.083500 0.030673 0.054526 0.998041 -1.000800 0.000000 0.000000 0.000000 1.000000
0.999564 0.028522 -0.007585 0.000000 -0.028845 0.998497 -0.046610 10.083500 0.006244 0.046809 0.998884 -1.000800 0.000000 0.000000 0.000000 1.000000
0.999292 0.035096 0.013524 0.000000 -0.034532 0.998606 -0.039913 10.083500 -0.014906 0.039418 0.999112 -1.000800 0.000000 0.000000 0.000000 1.000000
0.998911 0.038373 0.026548 -0.000000 -0.037417 0.998664 -0.035636 10.083500 -0.027880 0.034604 0.999012 -1.000800 0.000000 0.000000 0.000000 1.000000
0.998630 0.039471 0.034357 -0.000000 -0.038309 0.998692 -0.033849 10.083500 -0.035648 0.032486 0.998836 -1.000800 0.000000 0.000000 0.000000 1.000000
0.998238 0.041991 0.041916 0.000000 -0.040604 0.998616 -0.033421 10.083500 -0.043261 0.031660 0.998562 -1.000800 0.000000 0.000000 0.000000 1.000000
0.997577 0.049536 0.048851 0.000000 -0.047919 0.998282 -0.033727 10.083500 -0.050438 0.031305 0.998236 -1.000800 0.000000 0.000000 0.000000 1.000000
0.996726 0.062976 0.050705 0.000000 -0.061229 0.997499 -0.035313 10.083500 -0.052802 0.032093 0.998089 -1.000800 0.000000 0.000000 0.000000 1.000000
0.995769 0.079369 0.046310 0.000000 -0.077600 0.996228 -0.038821 10.083500 -0.049217 0.035063 0.998172 -1.000800 0.000000 0.000000 0.000000 1.000000
0.994933 0.092188 0.040127 -0.000000 -0.090474 0.994986 -0.042626 10.083500 -0.043856 0.038780 0.998285 -1.000800 0.000000 0.000000 0.000000 1.000000
0.994699 0.096212 0.036292 0.000000 -0.094580 0.994531 -0.044300 10.083500 -0.040356 0.040633 0.998359 -1.000800 0.000000 0.000000 0.000000 1.000000
0.995225 0.091773 0.033242 0.000000 -0.090289 0.994956 -0.043704 10.083500 -0.037085 0.040494 0.998491 -1.000800 0.000000 0.000000 0.000000 1.000000
0.996208 0.083072 0.025864 0.000000 -0.081920 0.995719 -0.042807 10.083500 -0.029309 0.040526 0.998749 -1.000800 0.000000 0.000000 0.000000 1.000000
0.997260 0.073090 0.011408 0.000000 -0.072544 0.996456 -0.042584 10.083500 -0.014480 0.041639 0.999028 -1.000800 0.000000 0.000000 0.000000 1.000000
0.998016 0.062426 -0.008209 0.000000 -0.062722 0.997110 -0.042873 10.083500 0.005509 0.043303 0.999047 -1.000800 0.000000 0.000000 0.000000 1.000000
0.998260 0.051214 -0.029234 0.000000 -0.052490 0.997621 -0.044689 10.083500 0.026875 0.046146 0.998573 -1.000800 0.000000 0.000000 0.000000 1.000000
0.997966 0.040015 -0.049619 -0.000000 -0.042462 0.997882 -0.049287 10.083500 0.047541 0.051293 0.997551 -1.000800 0.000000 0.000000 0.000000 1.000000
0.997465 0.030390 -0.064336 -0.000000 -0.033827 0.998021 -0.053014 10.083500 0.062598 0.055056 0.996519 -1.000800 0.000000 0.000000 0.000000 1.000000
0.996790 0.021277 -0.077183 0.000000 -0.025657 0.998089 -0.056214 10.083500 0.075839 0.058014 0.995431 -1.000800 0.000000 0.000000 0.000000 1.000000</float_array><technique_common><accessor source="#mixamorig_Spine1-Matrix-animation-output-transform-array" count="27" stride="16"><param type="float4x4"/></accessor></technique_common></source><source id="mixamorig_Spine1-Interpolations"><Name_array id="mixamorig_Spine1-Interpolations-array" count="27">
 LINEAR LINEAR LINEAR LINEAR LINEAR LINEAR LINEAR LINEAR LINEAR LINEAR LINEAR
LINEAR LINEAR LINEAR LINEAR LINEAR LINEAR LINEAR LINEAR LINEAR LINEAR LINEAR LINEAR
LINEAR LINEAR LINEAR LINEAR</Name_array><technique_common><accessor source="#mixamorig_Spine1-Interpolations-array" count="27"><param type="name"/></accessor></technique_common></source><sampler id="mixamorig_Spine1-Matrix-animation-transform"><input semantic="INPUT" source="#mixamorig_Spine1-Matrix-animation-input"/><input semantic="OUTPUT" source="#mixamorig_Spine1-Matrix-animation-output-transform"/><input semantic="INTERPOLATION" source="#mixamorig_Spine1-Interpolations"/></sampler><channel source="#mixamorig_Spine1-Matrix-animation-transform" target="mixamorig_Spine1/matrix"/></animation>
    <animation id="mixamorig_Spine2-anim" name="mixamorig_Spine2"><source id="mixamorig_Spine2-Matrix-animation-input"><float_array id="mixamorig_Spine2-Matrix-animation-input-array" count="27">

0.000000 0.033333 0.066667 0.100000 0.133333 0.166667 0.200000 0.233333 0.266667 0.300000 0.333333 0.366667 0.400000 0.433333 0.466667 0.500000
0.533333 0.566667 0.600000 0.633333 0.666667 0.700000 0.733333 0.766667 0.800000 0.833333 0.866667</float_array><technique_common><accessor source="#mixamorig_Spine2-Matrix-animation-input-array" count="27"><param name="TIME" type="float"/></accessor></technique_common></source><source id="mixamorig_Spine2-Matrix-animation-output-transform"><float_array id="mixamorig_Spine2-Matrix-animation-output-transform-array" count="432">

0.996790 0.021366 -0.077155 -0.000000 -0.025749 0.998083 -0.056273 9.100000 0.075805 0.058080 0.995430 -1.373400 0.000000 0.000000 0.000000 1.000000
0.996193 0.012922 -0.086215 0.000000 -0.018038 0.998105 -0.058834 9.100000 0.085292 0.060165 0.994538 -1.373400 0.000000 0.000000 0.000000 1.000000
0.995903 0.005094 -0.090281 0.000000 -0.010596 0.998107 -0.060574 9.100000 0.089802 0.061282 0.994072 -1.373400 0.000000 0.000000 0.000000 1.000000
0.996474 -0.000949 -0.083900 0.000000 -0.004224 0.998101 -0.061453 9.100000 0.083799 0.061591 0.994577 -1.373400 0.000000 0.000000 0.000000 1.000000
0.997193 -0.003110 -0.074811 -0.000000 -0.001641 0.997989 -0.063367 9.100000 0.074858 0.063312 0.995182 -1.373400 0.000000 0.000000 0.000000 1.000000
0.997718 -0.000415 -0.067525 0.000000 -0.003936 0.997923 -0.064297 9.100000 0.067411 0.064416 0.995644 -1.373400 0.000000 0.000000 0.000000 1.000000
0.998104 0.005461 -0.061304 -0.000000 -0.009331 0.997968 -0.063024 9.100000 0.060835 0.063476 0.996127 -1.373400 0.000000 0.000000 0.000000 1.000000
0.998634 0.012561 -0.050727 0.000000 -0.015581 0.998102 -0.059584 9.100000 0.049883 0.060292 0.996934 -1.373400 0.000000 0.000000 0.000000 1.000000
0.999290 0.020402 -0.031679 0.000000 -0.022092 0.998300 -0.053933 9.100000 0.030525 0.054595 0.998042 -1.373400 0.000000 0.000000 0.000000 1.000000
0.999566 0.028523 -0.007371 0.000000 -0.028837 0.998495 -0.046646 9.100000 0.006029 0.046839 0.998884 -1.373400 0.000000 0.000000 0.000000 1.000000
0.999289 0.035127 0.013723 0.000000 -0.034556 0.998609 -0.039830 9.100000 -0.015103 0.039327 0.999112 -1.373400 0.000000 0.000000 0.000000 1.000000
0.998902 0.038511 0.026666 0.000000 -0.037557 0.998667 -0.035405 9.100000 -0.027994 0.034365 0.999017 -1.373400 0.000000 0.000000 0.000000 1.000000
0.998619 0.039723 0.034387 0.000000 -0.038571 0.998693 -0.033528 9.100000 -0.035674 0.032156 0.998846 -1.373400 0.000000 0.000000 0.000000 1.000000
0.998228 0.042261 0.041895 0.000000 -0.040887 0.998615 -0.033118 9.100000 -0.043236 0.031346 0.998573 -1.373400 0.000000 0.000000 0.000000 1.000000
0.997569 0.049740 0.048802 0.000000 -0.048136 0.998279 -0.033509 9.100000 -0.050385 0.031078 0.998246 -1.373400 0.000000 0.000000 0.000000 1.000000
0.996721 0.063133 0.050606 0.000000 -0.061397 0.997494 -0.035160 9.100000 -0.052699 0.031937 0.998100 -1.373400 0.000000 0.000000 0.000000 1.000000
0.995765 0.079511 0.046148 0.000000 -0.077753 0.996221 -0.038705 9.100000 -0.049051 0.034953 0.998185 -1.373400 0.000000 0.000000 0.000000 1.000000
0.994930 0.092295 0.039944 -0.000000 -0.090591 0.994978 -0.042562 9.100000 -0.043672 0.038728 0.998295 -1.373400 0.000000 0.000000 0.000000 1.000000
0.994699 0.096262 0.036153 0.000000 -0.094634 0.994526 -0.044305 9.100000 -0.040220 0.040649 0.998364 -1.373400 0.000000 0.000000 0.000000 1.000000
0.995227 0.091780 0.033164 -0.000000 -0.090297 0.994953 -0.043753 9.100000 -0.037012 0.040550 0.998492 -1.373400 0.000000 0.000000 0.000000 1.000000
0.996210 0.083064 0.025802 0.000000 -0.081913 0.995718 -0.042860 9.100000 -0.029252 0.040584 0.998748 -1.373400 0.000000 0.000000 0.000000 1.000000
0.997262 0.073083 0.011310 -0.000000 -0.072540 0.996455 -0.042604 9.100000 -0.014384 0.041667 0.999028 -1.373400 0.000000 0.000000 0.000000 1.000000
0.998015 0.062420 -0.008347 0.000000 -0.062722 0.997111 -0.042847 9.100000 0.005648 0.043285 0.999047 -1.373400 0.000000 0.000000 0.000000 1.000000
0.998256 0.051209 -0.029374 0.000000 -0.052489 0.997624 -0.044631 9.100000 0.027018 0.046095 0.998572 -1.373400 0.000000 0.000000 0.000000 1.000000
0.997961 0.040015 -0.049724 0.000000 -0.042465 0.997884 -0.049227 9.100000 0.047649 0.051238 0.997549 -1.373400 0.000000 0.000000 0.000000 1.000000
0.997461 0.030430 -0.064379 0.000000 -0.033868 0.998020 -0.053006 9.100000 0.062638 0.055052 0.996517 -1.373400 0.000000 0.000000 0.000000 1.000000
0.996790 0.021366 -0.077155 0.000000 -0.025749 0.998083 -0.056273 9.100000 0.075805 0.058079 0.995430 -1.373400 0.000000 0.000000 0.000000 1.000000</float_array><technique_common><accessor source="#mixamorig_Spine2-Matrix-animation-output-transform-array" count="27" stride="16"><param type="float4x4"/></accessor></technique_common></source><source id="mixamorig_Spine2-Interpolations"><Name_array id="mixamorig_Spine2-Interpolations-array" count="27">
 LINEAR LINEAR LINEAR LINEAR LINEAR LINEAR LINEAR LINEAR LINEAR LINEAR LINEAR
LINEAR LINEAR LINEAR LINEAR LINEAR LINEAR LINEAR LINEAR LINEAR LINEAR LINEAR LINEAR
LINEAR LINEAR LINEAR LINEAR</Name_array><technique_common><accessor source="#mixamorig_Spine2-Interpolations-array" count="27"><param type="name"/></accessor></technique_common></source><sampler id="mixamorig_Spine2-Matrix-animation-transform"><input semantic="INPUT" source="#mixamorig_Spine2-Matrix-animation-input"/><input semantic="OUTPUT" source="#mixamorig_Spine2-Matrix-animation-output-transform"/><input semantic="INTERPOLATION" source="#mixamorig_Spine2-Interpolations"/></sampler><channel source="#mixamorig_Spine2-Matrix-animation-transform" target="mixamorig_Spine2/matrix"/></animation>
    <animation id="mixamorig_Neck-anim" name="mixamorig_Neck"><source id="mixamorig_Neck-Matrix-animation-input"><float_array id="mixamorig_Neck-Matrix-animation-input-array" count="27">

0.000000 0.033333 0.066667 0.100000 0.133333 0.166667 0.200000 0.233333 0.266667 0.300000 0.333333 0.366667 0.400000 0.433333 0.466667 0.500000
0.533333 0.566667 0.600000 0.633333 0.666667 0.700000 0.733333 0.766667 0.800000 0.833333 0.866667</float_array><technique_common><accessor source="#mixamorig_Neck-Matrix-animation-input-array" count="27"><param name="TIME" type="float"/></accessor></technique_common></source><source id="mixamorig_Neck-Matrix-animation-output-transform"><float_array id="mixamorig_Neck-Matrix-animation-output-transform-array" count="432">

0.999952 0.003254 0.009255 0.000000 -0.003123 0.999895 -0.014167 16.671700 -0.009300 0.014137 0.999857 -2.516200 0.000000 0.000000 0.000000 1.000000
0.999918 0.006404 0.011112 0.000000 -0.006280 0.999918 -0.011184 16.671700 -0.011183 0.011113 0.999876 -2.516200 0.000000 0.000000 0.000000 1.000000
0.999884 0.008148 0.012851 -0.000000 -0.008042 0.999934 -0.008246 16.671700 -0.012918 0.008142 0.999883 -2.516200 0.000000 0.000000 0.000000 1.000000
0.999885 0.006172 0.013853 0.000000 -0.006093 0.999965 -0.005704 16.671700 -0.013887 0.005619 0.999888 -2.516200 0.000000 0.000000 0.000000 1.000000
0.999913 0.002317 0.012951 0.000000 -0.002258 0.999987 -0.004576 16.671700 -0.012961 0.004546 0.999906 -2.516200 0.000000 0.000000 0.000000 1.000000
0.999945 0.000376 0.010493 0.000000 -0.000325 0.999988 -0.004895 16.671700 -0.010494 0.004892 0.999933 -2.516200 0.000000 0.000000 0.000000 1.000000
0.999969 0.001977 0.007681 0.000000 -0.001931 0.999980 -0.005975 16.671700 -0.007693 0.005959 0.999953 -2.516200 0.000000 0.000000 0.000000 1.000000
0.999971 0.005327 0.005366 0.000000 -0.005289 0.999961 -0.007125 16.671700 -0.005404 0.007097 0.999960 -2.516200 0.000000 0.000000 0.000000 1.000000
0.999964 0.007615 0.003631 0.000000 -0.007587 0.999941 -0.007794 16.671700 -0.003690 0.007767 0.999963 -2.516200 0.000000 0.000000 0.000000 1.000000
0.999967 0.007795 0.002344 0.000000 -0.007777 0.999940 -0.007707 16.671700 -0.002404 0.007688 0.999968 -2.516200 0.000000 0.000000 0.000000 1.000000
0.999980 0.006238 0.001371 -0.000000 -0.006228 0.999953 -0.007451 16.671700 -0.001418 0.007442 0.999971 -2.516200 0.000000 0.000000 0.000000 1.000000
0.999995 0.003035 0.000370 0.000000 -0.003032 0.999961 -0.008246 16.671700 -0.000395 0.008245 0.999966 -2.516200 0.000000 0.000000 0.000000 1.000000
0.999998 -0.001942 -0.000953 0.000000 0.001932 0.999944 -0.010444 16.671700 0.000973 0.010442 0.999945 -2.516200 0.000000 0.000000 0.000000 1.000000
0.999966 -0.007920 -0.002356 -0.000000 0.007889 0.999887 -0.012798 16.671700 0.002457 0.012779 0.999915 -2.516200 0.000000 0.000000 0.000000 1.000000
0.999908 -0.013139 -0.003311 0.000000 0.013091 0.999817 -0.013984 16.671700 0.003494 0.013940 0.999897 -2.516200 0.000000 0.000000 0.000000 1.000000
0.999868 -0.015870 -0.003611 0.000000 0.015816 0.999771 -0.014416 16.671700 0.003839 0.014356 0.999890 -2.516200 0.000000 0.000000 0.000000 1.000000
0.999876 -0.015415 -0.003296 0.000000 0.015361 0.999760 -0.015630 16.671700 0.003536 0.015578 0.999872 -2.516200 0.000000 0.000000 0.000000 1.000000
0.999919 -0.012541 -0.002250 0.000000 0.012498 0.999759 -0.018040 16.671700 0.002476 0.018011 0.999835 -2.516200 0.000000 0.000000 0.000000 1.000000
0.999957 -0.009215 -0.000455 0.000000 0.009204 0.999749 -0.020444 16.671700 0.000643 0.020439 0.999791 -2.516200 0.000000 0.000000 0.000000 1.000000
0.999971 -0.007448 0.001544 0.000000 0.007480 0.999731 -0.021949 16.671700 -0.001380 0.021960 0.999758 -2.516200 0.000000 0.000000 0.000000 1.000000
0.999965 -0.007764 0.002954 0.000000 0.007830 0.999704 -0.023054 16.671700 -0.002774 0.023076 0.999730 -2.516200 0.000000 0.000000 0.000000 1.000000
0.999955 -0.008852 0.003513 0.000000 0.008935 0.999667 -0.024209 16.671700 -0.003297 0.024240 0.999701 -2.516200 0.000000 0.000000 0.000000 1.000000
0.999953 -0.008927 0.003713 0.000000 0.009015 0.999657 -0.024582 16.671700 -0.003492 0.024615 0.999691 -2.516200 0.000000 0.000000 0.000000 1.000000
0.999965 -0.007241 0.004303 0.000000 0.007339 0.999704 -0.023180 16.671700 -0.004134 0.023211 0.999722 -2.516200 0.000000 0.000000 0.000000 1.000000
0.999975 -0.004283 0.005601 0.000000 0.004395 0.999785 -0.020267 16.671700 -0.005513 0.020291 0.999779 -2.516200 0.000000 0.000000 0.000000 1.000000
0.999973 -0.000592 0.007378 0.000000 0.000719 0.999852 -0.017198 16.671700 -0.007367 0.017203 0.999825 -2.516200 0.000000 0.000000 0.000000 1.000000
0.999952 0.003254 0.009255 0.000000 -0.003123 0.999895 -0.014167 16.671700 -0.009300 0.014137 0.999857 -2.516200 0.000000 0.000000 0.000000 1.000000</float_array><technique_common><accessor source="#mixamorig_Neck-Matrix-animation-output-transform-array" count="27" stride="16"><param type="float4x4"/></accessor></technique_common></source><source id="mixamorig_Neck-Interpolations"><Name_array id="mixamorig_Neck-Interpolations-array" count="27">
 LINEAR LINEAR LINEAR LINEAR LINEAR LINEAR LINEAR LINEAR LINEAR LINEAR LINEAR
LINEAR LINEAR LINEAR LINEAR LINEAR LINEAR LINEAR LINEAR LINEAR LINEAR LINEAR LINEAR
LINEAR LINEAR LINEAR LINEAR</Name_array><technique_common><accessor source="#mixamorig_Neck-Interpolations-array" count="27"><param type="name"/></accessor></technique_common></source><sampler id="mixamorig_Neck-Matrix-animation-transform"><input semantic="INPUT" source="#mixamorig_Neck-Matrix-animation-input"/><input semantic="OUTPUT" source="#mixamorig_Neck-Matrix-animation-output-transform"/><input semantic="INTERPOLATION" source="#mixamorig_Neck-Interpolations"/></sampler><channel source="#mixamorig_Neck-Matrix-animation-transform" target="mixamorig_Neck/matrix"/></animation>
    <animation id="mixamorig_Head-anim" name="mixamorig_Head"><source id="mixamorig_Head-Matrix-animation-input"><float_array id="mixamorig_Head-Matrix-animation-input-array" count="27">

0.000000 0.033333 0.066667 0.100000 0.133333 0.166667 0.200000 0.233333 0.266667 0.300000 0.333333 0.366667 0.400000 0.433333 0.466667 0.500000
0.533333 0.566667 0.600000 0.633333 0.666667 0.700000 0.733333 0.766667 0.800000 0.833333 0.866667</float_array><technique_common><accessor source="#mixamorig_Head-Matrix-animation-input-array" count="27"><param name="TIME" type="float"/></accessor></technique_common></source><source id="mixamorig_Head-Matrix-animation-output-transform"><float_array id="mixamorig_Head-Matrix-animation-output-transform-array" count="432">

0.999113 -0.005550 0.041738 -0.000000 -0.001962 0.984058 0.177836 9.617900 -0.042060 -0.177760 0.983175 1.685000 0.000000 0.000000 0.000000 1.000000
0.998654 0.006282 0.051479 0.000000 -0.015620 0.982977 0.183065 9.617900 -0.049452 -0.183623 0.981752 1.685000 0.000000 0.000000 0.000000 1.000000
0.997986 0.015713 0.061462 0.000000 -0.027060 0.981715 0.188422 9.617900 -0.057377 -0.189705 0.980163 1.685000 0.000000 0.000000 0.000000 1.000000
0.997415 0.017885 0.069588 -0.000000 -0.031252 0.980097 0.196045 9.617900 -0.064697 -0.197713 0.978123 1.685000 0.000000 0.000000 0.000000 1.000000
0.997737 0.009382 0.066578 0.000000 -0.022665 0.979193 0.201662 9.617900 -0.063300 -0.202715 0.977190 1.685000 0.000000 0.000000 0.000000 1.000000
0.998680 -0.006489 0.050950 0.000000 -0.003656 0.980492 0.196523 9.617900 -0.051231 -0.196450 0.979175 1.685000 0.000000 0.000000 0.000000 1.000000
0.999326 -0.021392 0.029846 -0.000000 0.015620 0.983227 0.181716 9.617900 -0.033233 -0.181127 0.982898 1.685000 0.000000 0.000000 0.000000 1.000000
0.999505 -0.029240 0.011645 0.000000 0.026931 0.986038 0.164331 9.617900 -0.016287 -0.163936 0.986337 1.685000 0.000000 0.000000 0.000000 1.000000
0.999551 -0.029962 -0.000003 0.000000 0.029619 0.988122 0.150788 9.617900 -0.004515 -0.150720 0.988566 1.685000 0.000000 0.000000 0.000000 1.000000
0.999605 -0.027473 -0.005888 -0.000000 0.028039 0.988879 0.146058 9.617900 0.001810 -0.146165 0.989259 1.685000 0.000000 0.000000 0.000000 1.000000
0.999626 -0.025993 -0.008541 0.000000 0.026992 0.987941 0.152463 9.617900 0.004475 -0.152636 0.988272 1.685000 0.000000 0.000000 0.000000 1.000000
0.999575 -0.027212 -0.010420 0.000000 0.028559 0.985910 0.164822 9.617900 0.005788 -0.165050 0.986268 1.685000 0.000000 0.000000 0.000000 1.000000
0.999469 -0.030111 -0.012489 -0.000000 0.031812 0.984594 0.171936 9.617900 0.007120 -0.172242 0.985029 1.685000 0.000000 0.000000 0.000000 1.000000
0.999320 -0.034119 -0.013987 -0.000000 0.035982 0.985210 0.167528 9.617900 0.008065 -0.167918 0.985768 1.685000 0.000000 0.000000 0.000000 1.000000
0.999040 -0.041222 -0.014818 -0.000000 0.043043 0.986598 0.157390 9.617900 0.008131 -0.157877 0.987425 1.685000 0.000000 0.000000 0.000000 1.000000
0.998476 -0.052596 -0.016704 0.000000 0.054530 0.986840 0.152229 9.617900 0.008478 -0.152908 0.988204 1.685000 0.000000 0.000000 0.000000 1.000000
0.997756 -0.064024 -0.019619 0.000000 0.066297 0.985685 0.155015 9.617900 0.009413 -0.155968 0.987717 1.685000 0.000000 0.000000 0.000000 1.000000
0.997471 -0.068356 -0.019463 0.000000 0.070589 0.984705 0.159292 9.617900 0.008276 -0.160263 0.987040 1.685000 0.000000 0.000000 0.000000 1.000000
0.997888 -0.063690 -0.012782 -0.000000 0.064911 0.985260 0.158273 9.617900 0.002513 -0.158768 0.987313 1.685000 0.000000 0.000000 0.000000 1.000000
0.998429 -0.055992 -0.001942 0.000000 0.055642 0.986951 0.151099 9.617900 -0.006544 -0.150970 0.988517 1.685000 0.000000 0.000000 0.000000 1.000000
0.998614 -0.052139 0.007144 0.000000 0.050606 0.988642 0.141511 9.617900 -0.014441 -0.140953 0.989911 1.685000 0.000000 0.000000 0.000000 1.000000
0.998544 -0.052759 0.011208 0.000000 0.050778 0.989622 0.134426 9.617900 -0.018184 -0.133661 0.990860 1.685000 0.000000 0.000000 0.000000 1.000000
0.998536 -0.052665 0.012323 0.000000 0.050538 0.989641 0.134378 9.617900 -0.019272 -0.133558 0.990854 1.685000 0.000000 0.000000 0.000000 1.000000
0.998808 -0.046341 0.015326 0.000000 0.043661 0.988628 0.143902 9.617900 -0.021820 -0.143061 0.989473 1.685000 0.000000 0.000000 0.000000 1.000000
0.999200 -0.032806 0.022873 0.000000 0.028696 0.986487 0.161308 9.617900 -0.027855 -0.160523 0.986639 1.685000 0.000000 0.000000 0.000000 1.000000
0.999302 -0.018953 0.032201 -0.000000 0.013172 0.985166 0.171099 9.617900 -0.034966 -0.170556 0.984727 1.685000 0.000000 0.000000 0.000000 1.000000
0.999113 -0.005550 0.041738 0.000000 -0.001962 0.984058 0.177836 9.617900 -0.042060 -0.177760 0.983175 1.685000 0.000000 0.000000 0.000000 1.000000</float_array><technique_common><accessor source="#mixamorig_Head-Matrix-animation-output-transform-array" count="27" stride="16"><param type="float4x4"/></accessor></technique_common></source><source id="mixamorig_Head-Interpolations"><Name_array id="mixamorig_Head-Interpolations-array" count="27">
 LINEAR LINEAR LINEAR LINEAR LINEAR LINEAR LINEAR LINEAR LINEAR LINEAR LINEAR
LINEAR LINEAR LINEAR LINEAR LINEAR LINEAR LINEAR LINEAR LINEAR LINEAR LINEAR LINEAR
LINEAR LINEAR LINEAR LINEAR</Name_array><technique_common><accessor source="#mixamorig_Head-Interpolations-array" count="27"><param type="name"/></accessor></technique_common></source><sampler id="mixamorig_Head-Matrix-animation-transform"><input semantic="INPUT" source="#mixamorig_Head-Matrix-animation-input"/><input semantic="OUTPUT" source="#mixamorig_Head-Matrix-animation-output-transform"/><input semantic="INTERPOLATION" source="#mixamorig_Head-Interpolations"/></sampler><channel source="#mixamorig_Head-Matrix-animation-transform" target="mixamorig_Head/matrix"/></animation>
    <animation id="mixamorig_LeftShoulder-anim" name="mixamorig_LeftShoulder"><source id="mixamorig_LeftShoulder-Matrix-animation-input"><float_array id="mixamorig_LeftShoulder-Matrix-animation-input-array" count="27">

0.000000 0.033333 0.066667 0.100000 0.133333 0.166667 0.200000 0.233333 0.266667 0.300000 0.333333 0.366667 0.400000 0.433333 0.466667 0.500000
0.533333 0.566667 0.600000 0.633333 0.666667 0.700000 0.733333 0.766667 0.800000 0.833333 0.866667</float_array><technique_common><accessor source="#mixamorig_LeftShoulder-Matrix-animation-input-array" count="27"><param name="TIME" type="float"/></accessor></technique_common></source><source id="mixamorig_LeftShoulder-Matrix-animation-output-transform"><float_array id="mixamorig_LeftShoulder-Matrix-animation-output-transform-array" count="432">

0.974468 0.198818 -0.104321 4.570400 -0.201297 0.979435 -0.013689 10.946000 0.099454 0.034339 0.994449 -2.628000 0.000000 0.000000 0.000000 1.000000
0.974177 0.200923 -0.103001 4.570400 -0.203375 0.979004 -0.013771 10.946000 0.098072 0.034363 0.994586 -2.628000 0.000000 0.000000 0.000000 1.000000
0.974029 0.202421 -0.101451 4.570400 -0.204832 0.978700 -0.013827 10.946000 0.096491 0.034248 0.994744 -2.628000 0.000000 0.000000 0.000000 1.000000
0.974137 0.202615 -0.100026 4.570400 -0.204977 0.978669 -0.013823 10.946000 0.095091 0.033969 0.994889 -2.628000 0.000000 0.000000 0.000000 1.000000
0.974039 0.202955 -0.100284 4.570400 -0.205329 0.978595 -0.013839 10.946000 0.095328 0.034071 0.994863 -2.628000 0.000000 0.000000 0.000000 1.000000
0.973774 0.203933 -0.100873 4.570400 -0.206337 0.978383 -0.013882 10.946000 0.095862 0.034331 0.994802 -2.628000 0.000000 0.000000 0.000000 1.000000
0.973968 0.203900 -0.099047 4.570400 -0.206239 0.978403 -0.013866 10.946000 0.094080 0.033932 0.994986 -2.628000 0.000000 0.000000 0.000000 1.000000
0.975001 0.201366 -0.093943 4.570400 -0.203509 0.978977 -0.013716 10.946000 0.089207 0.032491 0.995483 -2.628000 0.000000 0.000000 0.000000 1.000000
0.976209 0.197890 -0.088635 4.570400 -0.199831 0.979737 -0.013496 10.946000 0.084168 0.030887 0.995973 -2.628000 0.000000 0.000000 0.000000 1.000000
0.976543 0.196676 -0.087651 4.570400 -0.198576 0.979994 -0.013426 10.946000 0.083257 0.030516 0.996061 -2.628000 0.000000 0.000000 0.000000 1.000000
0.975826 0.198089 -0.092328 4.570400 -0.200151 0.979671 -0.013551 10.946000 0.087766 0.031703 0.995636 -2.628000 0.000000 0.000000 0.000000 1.000000
0.974930 0.199030 -0.099489 4.570400 -0.201341 0.979426 -0.013655 10.946000 0.094724 0.033344 0.994945 -2.628000 0.000000 0.000000 0.000000 1.000000
0.974816 0.197063 -0.104400 4.570400 -0.199528 0.979798 -0.013611 10.946000 0.099608 0.034099 0.994442 -2.628000 0.000000 0.000000 0.000000 1.000000
0.975635 0.192903 -0.104525 4.570400 -0.195334 0.980645 -0.013446 10.946000 0.099908 0.033535 0.994431 -2.628000 0.000000 0.000000 0.000000 1.000000
0.976774 0.188800 -0.101327 4.570400 -0.191083 0.981485 -0.013232 10.946000 0.096953 0.032287 0.994765 -2.628000 0.000000 0.000000 0.000000 1.000000
0.977481 0.186451 -0.098833 4.570400 -0.188629 0.981961 -0.013089 10.946000 0.094610 0.031436 0.995018 -2.628000 0.000000 0.000000 0.000000 1.000000
0.977365 0.186626 -0.099642 4.570400 -0.188833 0.981922 -0.013109 10.946000 0.095394 0.031628 0.994937 -2.628000 0.000000 0.000000 0.000000 1.000000
0.976626 0.189024 -0.102331 4.570400 -0.191343 0.981434 -0.013251 10.946000 0.097927 0.032521 0.994662 -2.628000 0.000000 0.000000 0.000000 1.000000
0.975984 0.191681 -0.103506 4.570400 -0.194064 0.980898 -0.013376 10.946000 0.098965 0.033141 0.994539 -2.628000 0.000000 0.000000 0.000000 1.000000
0.976059 0.192080 -0.102046 4.570400 -0.194417 0.980828 -0.013379 10.946000 0.097519 0.032898 0.994690 -2.628000 0.000000 0.000000 0.000000 1.000000
0.976644 0.190039 -0.100260 4.570400 -0.192297 0.981247 -0.013269 10.946000 0.095858 0.032239 0.994873 -2.628000 0.000000 0.000000 0.000000 1.000000
0.976955 0.188186 -0.100718 4.570400 -0.190443 0.981610 -0.013190 10.946000 0.096383 0.032067 0.994828 -2.628000 0.000000 0.000000 0.000000 1.000000
0.976599 0.188713 -0.103157 4.570400 -0.191057 0.981490 -0.013245 10.946000 0.098748 0.032644 0.994577 -2.628000 0.000000 0.000000 0.000000 1.000000
0.975892 0.191141 -0.105357 4.570400 -0.193584 0.980993 -0.013374 10.946000 0.100798 0.033447 0.994345 -2.628000 0.000000 0.000000 0.000000 1.000000
