<?xml version="1.0" encoding="utf-8"?>
<COLLADA xmlns="http://www.collada.org/2005/11/COLLADASchema" version="1.4.1">
  <asset><contributor><author>Mixamo</author><authoring_tool>COLLADA Mixamo exporter</authoring_tool><comments></comments></contributor><created>2019-03-19T12:29:08Z</created><modified>2019-03-19T12:29:08Z</modified><revision></revision><title></title><unit meter="0.010000"/><up_axis>Y_UP</up_axis></asset>
  <library_animations>
    <animation id="mixamorig_Hips-anim" name="mixamorig_Hips"><source id="mixamorig_Hips-Matrix-animation-input"><float_array id="mixamorig_Hips-Matrix-animation-input-array" count="29">

0.000000 0.033333 0.066667 0.100000 0.133333 0.166667 0.200000 0.233333 0.266667 0.300000 0.333333 0.366667 0.400000 0.433333 0.466667 0.500000
0.533333 0.566667 0.600000 0.633333 0.666667 0.700000 0.733333 0.766667 0.800000 0.833333 0.866667 0.900000 0.933333</float_array><technique_common><accessor source="#mixamorig_Hips-Matrix-animation-input-array" count="29"><param name="TIME" type="float"/></accessor></technique_common></source><source id="mixamorig_Hips-Matrix-animation-output-transform"><float_array id="mixamorig_Hips-Matrix-animation-output-transform-array" count="464">

0.992129 0.066259 -0.106254 0.121714 -0.059543 0.996095 0.065185 103.399490 0.110158 -0.058345 0.992200 1.424821 0.000000 0.000000 0.000000 1.000000
0.997645 0.056289 -0.039196 0.019467 -0.054236 0.997193 0.051615 103.234528 0.041992 -0.049368 0.997898 0.682498 0.000000 0.000000 0.000000 1.000000
0.998149 0.050144 0.034407 -0.229132 -0.051569 0.997791 0.041876 103.006355 -0.032231 -0.043573 0.998530 -0.109986 0.000000 0.000000 0.000000 1.000000
0.993302 0.043152 0.107183 -0.666152 -0.047270 0.998227 0.036182 102.983849 -0.105432 -0.041006 0.993581 -1.050135 0.000000 0.000000 0.000000 1.000000
0.984260 0.036337 0.172951 -1.264739 -0.042846 0.998501 0.034050 103.104813 -0.171455 -0.040924 0.984342 -2.062376 0.000000 0.000000 0.000000 1.000000
0.972659 0.031959 0.230028 -1.932372 -0.041012 0.998557 0.034681 103.145523 -0.228588 -0.043167 0.972566 -3.072333 0.000000 0.000000 0.000000 1.000000
0.959865 0.031819 0.278652 -2.575129 -0.043817 0.998357 0.036934 103.021164 -0.277019 -0.047661 0.959682 -4.046502 0.000000 0.000000 0.000000 1.000000
0.946137 0.034315 0.321943 -3.169391 -0.049522 0.998005 0.039165 102.815361 -0.319956 -0.052999 0.945949 -4.996336 0.000000 0.000000 0.000000 1.000000
0.930050 0.036382 0.365626 -3.693413 -0.055291 0.997613 0.041377 102.604439 -0.363248 -0.058698 0.929842 -5.938078 0.000000 0.000000 0.000000 1.000000
0.911377 0.036146 0.409982 -4.099528 -0.060141 0.997140 0.045779 102.453476 -0.407154 -0.066379 0.910944 -6.832557 0.000000 0.000000 0.000000 1.000000
0.892681 0.032584 0.449509 -4.318038 -0.062974 0.996617 0.052818 102.434036 -0.446267 -0.075457 0.891713 -7.650529 0.000000 0.000000 0.000000 1.000000
0.876058 0.026507 0.481476 -4.253845 -0.063381 0.996155 0.060480 102.510948 -0.478022 -0.083500 0.874370 -8.430624 0.000000 0.000000 0.000000 1.000000
0.859956 0.018539 0.510032 -3.996396 -0.061256 0.995865 0.067085 102.558853 -0.506679 -0.088933 0.857535 -9.223862 0.000000 0.000000 0.000000 1.000000
0.840224 0.004718 0.542219 -3.820100 -0.052190 0.996023 0.072208 102.394821 -0.539722 -0.088969 0.837129 -9.942243 0.000000 0.000000 0.000000 1.000000
0.813630 -0.007442 0.581335 -3.768464 -0.046906 0.995818 0.078397 102.106125 -0.579487 -0.091054 0.809879 -10.512082 0.000000 0.000000 0.000000 1.000000
0.778365 -0.014535 0.627644 -3.738822 -0.050797 0.994996 0.086037 101.979500 -0.625754 -0.098851 0.773732 -10.929517 0.000000 0.000000 0.000000 1.000000
0.731354 -0.017641 0.681770 -3.730513 -0.060818 0.993996 0.090961 102.119606 -0.679281 -0.107989 0.725890 -11.123346 0.000000 0.000000 0.000000 1.000000
0.674490 -0.022711 0.737935 -3.728758 -0.068540 0.993284 0.093217 102.358543 -0.735096 -0.113452 0.668403 -11.031341 0.000000 0.000000 0.000000 1.000000
0.612582 -0.030930 0.789802 -3.626780 -0.073325 0.992701 0.095748 102.617279 -0.786999 -0.116566 0.605843 -10.703704 0.000000 0.000000 0.000000 1.000000
0.543118 -0.037685 0.838810 -3.425229 -0.080303 0.992082 0.096566 102.904602 -0.835807 -0.119805 0.535792 -10.194279 0.000000 0.000000 0.000000 1.000000
0.460842 -0.045332 0.886324 -3.134666 -0.084976 0.991852 0.094912 103.091370 -0.883404 -0.119056 0.453235 -9.496879 0.000000 0.000000 0.000000 1.000000
0.366418 -0.056515 0.928733 -2.705170 -0.083659 0.992110 0.093378 103.135635 -0.926682 -0.111912 0.358799 -8.607890 0.000000 0.000000 0.000000 1.000000
0.264121 -0.069960 0.961949 -2.092338 -0.077631 0.992588 0.093504 102.994408 -0.961360 -0.099374 0.256732 -7.518293 0.000000 0.000000 0.000000 1.000000
0.153326 -0.082119 0.984758 -1.336416 -0.066506 0.993424 0.093197 102.656708 -0.985935 -0.079781 0.146856 -6.276038 0.000000 0.000000 0.000000 1.000000
0.030858 -0.088007 0.995642 -0.600262 -0.058456 0.994252 0.089696 102.474686 -0.997813 -0.060969 0.025536 -5.097333 0.000000 0.000000 0.000000 1.000000
-0.098148 -0.090956 0.991007 0.021419 -0.053800 0.994843 0.085980 102.592010 -0.993717 -0.044877 -0.102535 -4.042071 0.000000 0.000000 0.000000 1.000000
-0.222659 -0.093187 0.970432 0.539105 -0.052036 0.995138 0.083620 102.916405 -0.973507 -0.031879 -0.226426 -2.996921 0.000000 0.000000 0.000000 1.000000
-0.336755 -0.091897 0.937097 0.930989 -0.055156 0.995442 0.077798 103.222755 -0.939976 -0.025487 -0.340289 -1.927580 0.000000 0.000000 0.000000 1.000000
-0.441103 -0.084835 0.893438 1.135371 -0.059543 0.996095 0.065185 103.399490 -0.895479 -0.024445 -0.444432 -0.869400 0.000000 0.000000 0.000000 1.000000</float_array><technique_common><accessor source="#mixamorig_Hips-Matrix-animation-output-transform-array" count="29" stride="16"><param type="float4x4"/></accessor></technique_common></source><source id="mixamorig_Hips-Interpolations"><Name_array id="mixamorig_Hips-Interpolations-array" count="29">
 LINEAR LINEAR LINEAR LINEAR LINEAR LINEAR LINEAR LINEAR LINEAR LINEAR LINEAR
LINEAR LINEAR LINEAR LINEAR LINEAR LINEAR LINEAR LINEAR LINEAR LINEAR LINEAR LINEAR
LINEAR LINEAR LINEAR LINEAR LINEAR LINEAR</Name_array><technique_common><accessor source="#mixamorig_Hips-Interpolations-array" count="29"><param type="name"/></accessor></technique_common></source><sampler id="mixamorig_Hips-Matrix-animation-transform"><input semantic="INPUT" source="#mixamorig_Hips-Matrix-animation-input"/><input semantic="OUTPUT" source="#mixamorig_Hips-Matrix-animation-output-transform"/><input semantic="INTERPOLATION" source="#mixamorig_Hips-Interpolations"/></sampler><channel source="#mixamorig_Hips-Matrix-animation-transform" target="mixamorig_Hips/matrix"/></animation>
    <animation id="mixamorig_Spine-anim" name="mixamorig_Spine"><source id="mixamorig_Spine-Matrix-animation-input"><float_array id="mixamorig_Spine-Matrix-animation-input-array" count="29">

0.000000 0.033333 0.066667 0.100000 0.133333 0.166667 0.200000 0.233333 0.266667 0.300000 0.333333 0.366667 0.400000 0.433333 0.466667 0.500000
0.533333 0.566667 0.600000 0.633333 0.666667 0.700000 0.733333 0.766667 0.800000 0.833333 0.866667 0.900000 0.933333</float_array><technique_common><accessor source="#mixamorig_Spine-Matrix-animation-input-array" count="29"><param name="TIME" type="float"/></accessor></technique_common></source><source id="mixamorig_Spine-Matrix-animation-output-transform"><float_array id="mixamorig_Spine-Matrix-animation-output-transform-array" count="464">

0.998498 -0.047707 0.026925 -0.000000 0.049192 0.997134 -0.057488 10.181600 -0.024106 0.058726 0.997983 0.131500 0.000000 0.000000 0.000000 1.000000
0.998301 -0.049316 0.031038 0.000000 0.051094 0.996927 -0.059377 10.181600 -0.028015 0.060862 0.997753 0.131500 0.000000 0.000000 0.000000 1.000000
0.998008 -0.052941 0.034326 -0.000000 0.054978 0.996597 -0.061413 10.181600 -0.030958 0.063177 0.997522 0.131500 0.000000 0.000000 0.000000 1.000000
0.997951 -0.052008 0.037276 0.000000 0.054309 0.996494 -0.063644 10.181600 -0.033836 0.065538 0.997276 0.131500 0.000000 0.000000 0.000000 1.000000
0.998090 -0.046717 0.040426 0.000000 0.049307 0.996624 -0.065642 10.181600 -0.037223 0.067510 0.997024 0.131500 0.000000 0.000000 0.000000 1.000000
0.998208 -0.040509 0.044040 -0.000000 0.043386 0.996846 -0.066454 10.181600 -0.041209 0.068245 0.996817 0.131500 0.000000 0.000000 0.000000 1.000000
0.998114 -0.037721 0.048427 0.000000 0.040848 0.997030 -0.065296 10.181600 -0.045820 0.067151 0.996690 0.131500 0.000000 0.000000 0.000000 1.000000
0.997922 -0.037835 0.052159 0.000000 0.041067 0.997209 -0.062351 10.181600 -0.049654 0.064363 0.996690 0.131500 0.000000 0.000000 0.000000 1.000000
0.997851 -0.038139 0.053271 0.000000 0.041261 0.997417 -0.058789 10.181600 -0.050891 0.060861 0.996848 0.131500 0.000000 0.000000 0.000000 1.000000
0.997829 -0.037895 0.053864 0.000000 0.040907 0.997595 -0.055957 10.181600 -0.051614 0.058039 0.996979 0.131500 0.000000 0.000000 0.000000 1.000000
0.997740 -0.035907 0.056788 0.000000 0.038970 0.997792 -0.053777 10.181600 -0.054731 0.055868 0.996937 0.131500 0.000000 0.000000 0.000000 1.000000
0.997508 -0.033785 0.061939 -0.000000 0.036968 0.998016 -0.050975 10.181600 -0.060093 0.053137 0.996777 0.131500 0.000000 0.000000 0.000000 1.000000
0.997256 -0.034269 0.065625 -0.000000 0.037469 0.998136 -0.048163 10.181600 -0.063852 0.050490 0.996681 0.131500 0.000000 0.000000 0.000000 1.000000
0.997485 -0.029397 0.064496 -0.000000 0.032496 0.998341 -0.047531 10.181600 -0.062991 0.049508 0.996785 0.131500 0.000000 0.000000 0.000000 1.000000
0.997898 -0.025321 0.059656 -0.000000 0.028272 0.998391 -0.049151 10.181600 -0.058315 0.050735 0.997008 0.131500 0.000000 0.000000 0.000000 1.000000
0.998170 -0.028222 0.053489 0.000000 0.030978 0.998198 -0.051401 10.181600 -0.051942 0.052964 0.997245 0.131500 0.000000 0.000000 0.000000 1.000000
0.998261 -0.035901 0.046747 0.000000 0.038334 0.997900 -0.052219 10.181600 -0.044774 0.053920 0.997541 0.131500 0.000000 0.000000 0.000000 1.000000
0.998368 -0.038996 0.041721 -0.000000 0.041205 0.997720 -0.053454 10.181600 -0.039542 0.055086 0.997698 0.131500 0.000000 0.000000 0.000000 1.000000
0.998511 -0.037389 0.039734 0.000000 0.039608 0.997610 -0.056612 10.181600 -0.037522 0.058102 0.997605 0.131500 0.000000 0.000000 0.000000 1.000000
0.998622 -0.036930 0.037281 -0.000000 0.039107 0.997465 -0.059447 10.181600 -0.034991 0.060823 0.997535 0.131500 0.000000 0.000000 0.000000 1.000000
0.998880 -0.035440 0.031352 0.000000 0.037322 0.997401 -0.061632 10.181600 -0.029086 0.062734 0.997606 0.131500 0.000000 0.000000 0.000000 1.000000
0.999267 -0.030261 0.023445 0.000000 0.031710 0.997439 -0.064110 10.181600 -0.021445 0.064806 0.997667 0.131500 0.000000 0.000000 0.000000 1.000000
0.999648 -0.021079 0.016080 0.000000 0.022097 0.997574 -0.066013 10.181600 -0.014650 0.066345 0.997689 0.131500 0.000000 0.000000 0.000000 1.000000
0.999933 -0.007502 0.008770 0.000000 0.008065 0.997792 -0.065928 10.181600 -0.008256 0.065995 0.997786 0.131500 0.000000 0.000000 0.000000 1.000000
0.999997 -0.002267 0.001247 0.000000 0.002342 0.997938 -0.064150 10.181600 -0.001099 0.064153 0.997939 0.131500 0.000000 0.000000 0.000000 1.000000
0.999964 -0.008096 -0.002692 0.000000 0.007911 0.997986 -0.062946 10.181600 0.003196 0.062922 0.998013 0.131500 0.000000 0.000000 0.000000 1.000000
0.999802 -0.019804 0.001683 -0.000000 0.019871 0.997844 -0.062543 10.181600 -0.000441 0.062564 0.998041 0.131500 0.000000 0.000000 0.000000 1.000000
0.999337 -0.033731 0.013731 0.000000 0.034509 0.997539 -0.061039 10.181600 -0.011639 0.061472 0.998041 0.131500 0.000000 0.000000 0.000000 1.000000
0.998498 -0.047707 0.026926 -0.000000 0.049192 0.997134 -0.057488 10.181600 -0.024106 0.058726 0.997983 0.131500 0.000000 0.000000 0.000000 1.000000</float_array><technique_common><accessor source="#mixamorig_Spine-Matrix-animation-output-transform-array" count="29" stride="16"><param type="float4x4"/></accessor></technique_common></source><source id="mixamorig_Spine-Interpolations"><Name_array id="mixamorig_Spine-Interpolations-array" count="29">
 LINEAR LINEAR LINEAR LINEAR LINEAR LINEAR LINEAR LINEAR LINEAR LINEAR LINEAR
LINEAR LINEAR LINEAR LINEAR LINEAR LINEAR LINEAR LINEAR LINEAR LINEAR LINEAR LINEAR
LINEAR LINEAR LINEAR LINEAR LINEAR LINEAR</Name_array><technique_common><accessor source="#mixamorig_Spine-Interpolations-array" count="29"><param type="name"/></accessor></technique_common></source><sampler id="mixamorig_Spine-Matrix-animation-transform"><input semantic="INPUT" source="#mixamorig_Spine-Matrix-animation-input"/><input semantic="OUTPUT" source="#mixamorig_Spine-Matrix-animation-output-transform"/><input semantic="INTERPOLATION" source="#mixamorig_Spine-Interpolations"/></sampler><channel source="#mixamorig_Spine-Matrix-animation-transform" target="mixamorig_Spine/matrix"/></animation>
    <animation id="mixamorig_Spine1-anim" name="mixamorig_Spine1"><source id="mixamorig_Spine1-Matrix-animation-input"><float_array id="mixamorig_Spine1-Matrix-animation-input-array" count="29">

0.000000 0.033333 0.066667 0.100000 0.133333 0.166667 0.200000 0.233333 0.266667 0.300000 0.333333 0.366667 0.400000 0.433333 0.466667 0.500000
0.533333 0.566667 0.600000 0.633333 0.666667 0.700000 0.733333 0.766667 0.800000 0.833333 0.866667 0.900000 0.933333</float_array><technique_common><accessor source="#mixamorig_Spine1-Matrix-animation-input-array" count="29"><param name="TIME" type="float"/></accessor></technique_common></source><source id="mixamorig_Spine1-Matrix-animation-output-transform"><float_array id="mixamorig_Spine1-Matrix-animation-output-transform-array" count="464">

0.999615 -0.027098 0.005925 -0.000000 0.027212 0.999428 -0.020103 10.083500 -0.005376 0.020256 0.999780 -1.000800 0.000000 0.000000 0.000000 1.000000
0.999594 -0.027142 0.008620 0.000000 0.027324 0.999389 -0.021783 10.083500 -0.008023 0.022010 0.999726 -1.000800 0.000000 0.000000 0.000000 1.000000
0.999517 -0.029181 0.010651 -0.000000 0.029425 0.999291 -0.023502 10.083500 -0.009957 0.023804 0.999667 -1.000800 0.000000 0.000000 0.000000 1.000000
0.999376 -0.032782 0.013116 0.000000 0.033107 0.999131 -0.025328 10.083500 -0.012274 0.025747 0.999593 -1.000800 0.000000 0.000000 0.000000 1.000000
0.999183 -0.036888 0.016536 -0.000000 0.037326 0.998937 -0.027058 10.083500 -0.015520 0.027653 0.999497 -1.000800 0.000000 0.000000 0.000000 1.000000
0.998931 -0.041390 0.020564 -0.000000 0.041953 0.998734 -0.027760 10.083500 -0.019389 0.028593 0.999403 -1.000800 0.000000 0.000000 0.000000 1.000000
0.998591 -0.046872 0.024899 0.000000 0.047534 0.998512 -0.026713 10.083500 -0.023610 0.027859 0.999333 -1.000800 0.000000 0.000000 0.000000 1.000000
0.998161 -0.053453 0.028607 -0.000000 0.054148 0.998242 -0.024119 10.083500 -0.027268 0.025624 0.999300 -1.000800 0.000000 0.000000 0.000000 1.000000
0.997702 -0.060561 0.030385 0.000000 0.061211 0.997905 -0.020948 10.083500 -0.029053 0.022759 0.999319 -1.000800 0.000000 0.000000 0.000000 1.000000
0.997212 -0.067492 0.031825 0.000000 0.068095 0.997512 -0.018246 10.083500 -0.030514 0.020362 0.999327 -1.000800 0.000000 0.000000 0.000000 1.000000
0.996614 -0.074365 0.035081 -0.000000 0.074958 0.997060 -0.015921 10.083500 -0.033793 0.018497 0.999258 -1.000800 0.000000 0.000000 0.000000 1.000000
0.995892 -0.081333 0.039798 0.000000 0.081909 0.996554 -0.013060 10.083500 -0.038598 0.016266 0.999122 -1.000800 0.000000 0.000000 0.000000 1.000000
0.995305 -0.086567 0.043298 0.000000 0.087091 0.996146 -0.010367 10.083500 -0.042234 0.014089 0.999008 -1.000800 0.000000 0.000000 0.000000 1.000000
0.995057 -0.089635 0.042754 0.000000 0.090113 0.995887 -0.009398 10.083500 -0.041735 0.013205 0.999041 -1.000800 0.000000 0.000000 0.000000 1.000000
0.994836 -0.093631 0.039165 0.000000 0.094108 0.995507 -0.010489 10.083500 -0.038007 0.014121 0.999178 -1.000800 0.000000 0.000000 0.000000 1.000000
0.994500 -0.098890 0.034511 -0.000000 0.099374 0.994971 -0.012591 10.083500 -0.033092 0.015951 0.999325 -1.000800 0.000000 0.000000 0.000000 1.000000
0.994252 -0.102992 0.029243 0.000000 0.103428 0.994541 -0.013805 10.083500 -0.027661 0.016751 0.999477 -1.000800 0.000000 0.000000 0.000000 1.000000
0.994347 -0.103167 0.025133 0.000000 0.103565 0.994508 -0.015088 10.083500 -0.023438 0.017605 0.999570 -1.000800 0.000000 0.000000 0.000000 1.000000
0.994658 -0.100534 0.023402 0.000000 0.100956 0.994735 -0.017608 10.083500 -0.021509 0.019877 0.999571 -1.000800 0.000000 0.000000 0.000000 1.000000
0.995059 -0.097002 0.021183 0.000000 0.097425 0.995042 -0.019987 10.083500 -0.019139 0.021952 0.999576 -1.000800 0.000000 0.000000 0.000000 1.000000
0.995692 -0.091305 0.016134 0.000000 0.091648 0.995550 -0.021946 10.083500 -0.014059 0.023330 0.999629 -1.000800 0.000000 0.000000 0.000000 1.000000
0.996564 -0.082262 0.009685 0.000000 0.082474 0.996303 -0.024042 10.083500 -0.007671 0.024758 0.999664 -1.000800 0.000000 0.000000 0.000000 1.000000
0.997437 -0.071448 0.003938 -0.000000 0.071525 0.997113 -0.025502 10.083500 -0.002104 0.025718 0.999667 -1.000800 0.000000 0.000000 0.000000 1.000000
0.998213 -0.059740 -0.001515 -0.000000 0.059683 0.997896 -0.025314 10.083500 0.003024 0.025179 0.999678 -1.000800 0.000000 0.000000 0.000000 1.000000
0.998788 -0.048565 -0.007995 -0.000000 0.048360 0.998539 -0.024112 10.083500 0.009155 0.023696 0.999677 -1.000800 0.000000 0.000000 0.000000 1.000000
0.999184 -0.038283 -0.012870 0.000000 0.037972 0.999000 -0.023585 10.083500 0.013760 0.023077 0.999639 -1.000800 0.000000 0.000000 0.000000 1.000000
0.999493 -0.029708 -0.011424 -0.000000 0.029432 0.999288 -0.023610 10.083500 0.012117 0.023262 0.999656 -1.000800 0.000000 0.000000 0.000000 1.000000
0.999660 -0.025868 -0.003340 0.000000 0.025786 0.999411 -0.022662 10.083500 0.003925 0.022568 0.999738 -1.000800 0.000000 0.000000 0.000000 1.000000
0.999615 -0.027098 0.005925 0.000000 0.027212 0.999428 -0.020103 10.083500 -0.005377 0.020256 0.999780 -1.000800 0.000000 0.000000 0.000000 1.000000</float_array><technique_common><accessor source="#mixamorig_Spine1-Matrix-animation-output-transform-array" count="29" stride="16"><param type="float4x4"/></accessor></technique_common></source><source id="mixamorig_Spine1-Interpolations"><Name_array id="mixamorig_Spine1-Interpolations-array" count="29">
 LINEAR LINEAR LINEAR LINEAR LINEAR LINEAR LINEAR LINEAR LINEAR LINEAR LINEAR
LINEAR LINEAR LINEAR LINEAR LINEAR LINEAR LINEAR LINEAR LINEAR LINEAR LINEAR LINEAR
LINEAR LINEAR LINEAR LINEAR LINEAR LINEAR</Name_array><technique_common><accessor source="#mixamorig_Spine1-Interpolations-array" count="29"><param type="name"/></accessor></technique_common></source><sampler id="mixamorig_Spine1-Matrix-animation-transform"><input semantic="INPUT" source="#mixamorig_Spine1-Matrix-animation-input"/><input semantic="OUTPUT" source="#mixamorig_Spine1-Matrix-animation-output-transform"/><input semantic="INTERPOLATION" source="#mixamorig_Spine1-Interpolations"/></sampler><channel source="#mixamorig_Spine1-Matrix-animation-transform" target="mixamorig_Spine1/matrix"/></animation>
    <animation id="mixamorig_Spine2-anim" name="mixamorig_Spine2"><source id="mixamorig_Spine2-Matrix-animation-input"><float_array id="mixamorig_Spine2-Matrix-animation-input-array" count="29">

0.000000 0.033333 0.066667 0.100000 0.133333 0.166667 0.200000 0.233333 0.266667 0.300000 0.333333 0.366667 0.400000 0.433333 0.466667 0.500000
0.533333 0.566667 0.600000 0.633333 0.666667 0.700000 0.733333 0.766667 0.800000 0.833333 0.866667 0.900000 0.933333</float_array><technique_common><accessor source="#mixamorig_Spine2-Matrix-animation-input-array" count="29"><param name="TIME" type="float"/></accessor></technique_common></source><source id="mixamorig_Spine2-Matrix-animation-output-transform"><float_array id="mixamorig_Spine2-Matrix-animation-output-transform-array" count="464">

0.999611 -0.027151 0.006310 0.000000 0.027271 0.999435 -0.019651 9.100000 -0.005773 0.019815 0.999787 -1.373400 0.000000 0.000000 0.000000 1.000000
0.999608 -0.026481 0.009039 0.000000 0.026668 0.999418 -0.021272 9.100000 -0.008470 0.021505 0.999733 -1.373400 0.000000 0.000000 0.000000 1.000000
0.999592 -0.026388 0.010959 0.000000 0.026634 0.999382 -0.022946 9.100000 -0.010346 0.023229 0.999677 -1.373400 0.000000 0.000000 0.000000 1.000000
0.999558 -0.026683 0.013145 0.000000 0.027002 0.999329 -0.024753 9.100000 -0.012476 0.025097 0.999607 -1.373400 0.000000 0.000000 0.000000 1.000000
0.999518 -0.026526 0.016127 0.000000 0.026947 0.999286 -0.026493 9.100000 -0.015413 0.026915 0.999519 -1.373400 0.000000 0.000000 0.000000 1.000000
0.999470 -0.025970 0.019604 -0.000000 0.026499 0.999278 -0.027225 9.100000 -0.018883 0.027731 0.999437 -1.373400 0.000000 0.000000 0.000000 1.000000
0.999396 -0.025748 0.023328 0.000000 0.026357 0.999309 -0.026212 9.100000 -0.022637 0.026811 0.999384 -1.373400 0.000000 0.000000 0.000000 1.000000
0.999310 -0.026153 0.026377 0.000000 0.026779 0.999361 -0.023663 9.100000 -0.025741 0.024353 0.999372 -1.373400 0.000000 0.000000 0.000000 1.000000
0.999264 -0.026785 0.027477 -0.000000 0.027355 0.999414 -0.020553 9.100000 -0.026910 0.021290 0.999411 -1.373400 0.000000 0.000000 0.000000 1.000000
0.999232 -0.027163 0.028248 0.000000 0.027675 0.999456 -0.017920 9.100000 -0.027746 0.018688 0.999440 -1.373400 0.000000 0.000000 0.000000 1.000000
0.999142 -0.027644 0.030839 0.000000 0.028137 0.999481 -0.015664 9.100000 -0.030390 0.016518 0.999402 -1.373400 0.000000 0.000000 0.000000 1.000000
0.998982 -0.028571 0.034915 0.000000 0.029035 0.999496 -0.012867 9.100000 -0.034529 0.013868 0.999307 -1.373400 0.000000 0.000000 0.000000 1.000000
0.998884 -0.028238 0.037871 0.000000 0.028644 0.999537 -0.010227 9.100000 -0.037565 0.011301 0.999230 -1.373400 0.000000 0.000000 0.000000 1.000000
0.998972 -0.026361 0.036892 0.000000 0.026721 0.999600 -0.009303 9.100000 -0.036632 0.010279 0.999276 -1.373400 0.000000 0.000000 0.000000 1.000000
0.999111 -0.026263 0.032968 0.000000 0.026620 0.999591 -0.010417 9.100000 -0.032681 0.011286 0.999402 -1.373400 0.000000 0.000000 0.000000 1.000000
0.999200 -0.028499 0.028066 -0.000000 0.028860 0.999505 -0.012558 9.100000 -0.027694 0.013358 0.999527 -1.373400 0.000000 0.000000 0.000000 1.000000
0.999270 -0.030834 0.022574 0.000000 0.031152 0.999419 -0.013850 9.100000 -0.022134 0.014543 0.999649 -1.373400 0.000000 0.000000 0.000000 1.000000
0.999361 -0.030704 0.018310 0.000000 0.030984 0.999405 -0.015169 9.100000 -0.017833 0.015727 0.999717 -1.373400 0.000000 0.000000 0.000000 1.000000
0.999423 -0.029626 0.016641 0.000000 0.029920 0.999396 -0.017661 9.100000 -0.016108 0.018148 0.999706 -1.373400 0.000000 0.000000 0.000000 1.000000
0.999426 -0.030488 0.014773 0.000000 0.030780 0.999326 -0.019979 9.100000 -0.014154 0.020423 0.999691 -1.373400 0.000000 0.000000 0.000000 1.000000
0.999450 -0.031537 0.010280 -0.000000 0.031756 0.999257 -0.021844 9.100000 -0.009583 0.022158 0.999709 -1.373400 0.000000 0.000000 0.000000 1.000000
0.999511 -0.030945 0.004553 0.000000 0.031045 0.999234 -0.023806 9.100000 -0.003813 0.023936 0.999706 -1.373400 0.000000 0.000000 0.000000 1.000000
0.999560 -0.029667 -0.000381 0.000000 0.029648 0.999245 -0.025114 9.100000 0.001126 0.025091 0.999685 -1.373400 0.000000 0.000000 0.000000 1.000000
0.999598 -0.027900 -0.005011 -0.000000 0.027768 0.999308 -0.024754 9.100000 0.005699 0.024605 0.999681 -1.373400 0.000000 0.000000 0.000000 1.000000
0.999598 -0.026324 -0.010574 0.000000 0.026071 0.999386 -0.023420 9.100000 0.011184 0.023135 0.999670 -1.373400 0.000000 0.000000 0.000000 1.000000
0.999592 -0.024628 -0.014439 0.000000 0.024294 0.999443 -0.022883 9.100000 0.014995 0.022523 0.999634 -1.373400 0.000000 0.000000 0.000000 1.000000
0.999661 -0.023067 -0.012064 0.000000 0.022785 0.999476 -0.022997 9.100000 0.012588 0.022714 0.999663 -1.373400 0.000000 0.000000 0.000000 1.000000
0.999705 -0.024055 -0.003310 0.000000 0.023976 0.999467 -0.022147 9.100000 0.003841 0.022061 0.999749 -1.373400 0.000000 0.000000 0.000000 1.000000
0.999611 -0.027151 0.006310 0.000000 0.027271 0.999435 -0.019651 9.100000 -0.005773 0.019815 0.999787 -1.373400 0.000000 0.000000 0.000000 1.000000</float_array><technique_common><accessor source="#mixamorig_Spine2-Matrix-animation-output-transform-array" count="29" stride="16"><param type="float4x4"/></accessor></technique_common></source><source id="mixamorig_Spine2-Interpolations"><Name_array id="mixamorig_Spine2-Interpolations-array" count="29">
 LINEAR LINEAR LINEAR LINEAR LINEAR LINEAR LINEAR LINEAR LINEAR LINEAR LINEAR
LINEAR LINEAR LINEAR LINEAR LINEAR LINEAR LINEAR LINEAR LINEAR LINEAR LINEAR LINEAR
LINEAR LINEAR LINEAR LINEAR LINEAR LINEAR</Name_array><technique_common><accessor source="#mixamorig_Spine2-Interpolations-array" count="29"><param type="name"/></accessor></technique_common></source><sampler id="mixamorig_Spine2-Matrix-animation-transform"><input semantic="INPUT" source="#mixamorig_Spine2-Matrix-animation-input"/><input semantic="OUTPUT" source="#mixamorig_Spine2-Matrix-animation-output-transform"/><input semantic="INTERPOLATION" source="#mixamorig_Spine2-Interpolations"/></sampler><channel source="#mixamorig_Spine2-Matrix-animation-transform" target="mixamorig_Spine2/matrix"/></animation>
    <animation id="mixamorig_Neck-anim" name="mixamorig_Neck"><source id="mixamorig_Neck-Matrix-animation-input"><float_array id="mixamorig_Neck-Matrix-animation-input-array" count="29">

0.000000 0.033333 0.066667 0.100000 0.133333 0.166667 0.200000 0.233333 0.266667 0.300000 0.333333 0.366667 0.400000 0.433333 0.466667 0.500000
0.533333 0.566667 0.600000 0.633333 0.666667 0.700000 0.733333 0.766667 0.800000 0.833333 0.866667 0.900000 0.933333</float_array><technique_common><accessor source="#mixamorig_Neck-Matrix-animation-input-array" count="29"><param name="TIME" type="float"/></accessor></technique_common></source><source id="mixamorig_Neck-Matrix-animation-output-transform"><float_array id="mixamorig_Neck-Matrix-animation-output-transform-array" count="464">

0.999968 -0.007936 -0.001378 0.000000 0.007762 0.995152 -0.098040 16.671700 0.002149 0.098026 0.995182 -2.516200 0.000000 0.000000 0.000000 1.000000
0.999950 -0.002117 0.009811 0.000000 0.003049 0.995380 -0.095967 16.671700 -0.009562 0.095992 0.995336 -2.516200 0.000000 0.000000 0.000000 1.000000
0.999466 0.007777 0.031730 -0.000000 -0.004599 0.995077 -0.098998 16.671700 -0.032344 0.098800 0.994582 -2.516200 0.000000 0.000000 0.000000 1.000000
0.998032 0.019233 0.059693 0.000000 -0.012756 0.994172 -0.107048 16.671700 -0.061404 0.106076 0.992460 -2.516200 0.000000 0.000000 0.000000 1.000000
0.995511 0.030249 0.089684 0.000000 -0.019564 0.992855 -0.117711 16.671700 -0.092604 0.115428 0.988990 -2.516200 0.000000 0.000000 0.000000 1.000000
0.992330 0.038561 0.117448 0.000000 -0.023358 0.991477 -0.128169 16.671700 -0.121389 0.124443 0.984773 -2.516200 0.000000 0.000000 0.000000 1.000000
0.989408 0.043615 0.138457 0.000000 -0.024556 0.990338 -0.136485 16.671700 -0.143072 0.131639 0.980919 -2.516200 0.000000 0.000000 0.000000 1.000000
0.987725 0.045711 0.149365 0.000000 -0.024465 0.989693 -0.141100 16.671700 -0.154276 0.135713 0.978663 -2.516200 0.000000 0.000000 0.000000 1.000000
0.986741 0.046805 0.155405 0.000000 -0.024395 0.989408 -0.143094 16.671700 -0.160456 0.137405 0.977432 -2.516200 0.000000 0.000000 0.000000 1.000000
0.986397 0.047547 0.157354 0.000000 -0.024815 0.989354 -0.143397 16.671700 -0.162497 0.137542 0.977076 -2.516200 0.000000 0.000000 0.000000 1.000000
0.986660 0.047707 0.155647 0.000000 -0.025190 0.989323 -0.143548 16.671700 -0.160834 0.137713 0.977327 -2.516200 0.000000 0.000000 0.000000 1.000000
0.987304 0.047250 0.151654 0.000000 -0.025153 0.989193 -0.144447 16.671700 -0.156840 0.138799 0.977822 -2.516200 0.000000 0.000000 0.000000 1.000000
0.988109 0.046643 0.146506 0.000000 -0.025213 0.989131 -0.144857 16.671700 -0.151671 0.139441 0.978546 -2.516200 0.000000 0.000000 0.000000 1.000000
0.989096 0.044726 0.140314 0.000000 -0.024481 0.989446 -0.142821 16.671700 -0.145221 0.137829 0.979752 -2.516200 0.000000 0.000000 0.000000 1.000000
0.990369 0.039371 0.132735 0.000000 -0.020763 0.990108 -0.138761 16.671700 -0.136885 0.134668 0.981390 -2.516200 0.000000 0.000000 0.000000 1.000000
0.991825 0.032783 0.123325 0.000000 -0.015948 0.990705 -0.135089 16.671700 -0.126607 0.132018 0.983129 -2.516200 0.000000 0.000000 0.000000 1.000000
0.993318 0.028600 0.111813 0.000000 -0.013578 0.991041 -0.132862 16.671700 -0.114611 0.130456 0.984807 -2.516200 0.000000 0.000000 0.000000 1.000000
0.994787 0.025092 0.098839 0.000000 -0.012099 0.991450 -0.129925 16.671700 -0.101254 0.128052 0.986585 -2.516200 0.000000 0.000000 0.000000 1.000000
0.996152 0.019380 0.085470 -0.000000 -0.008579 0.992122 -0.124981 16.671700 -0.087219 0.123766 0.988471 -2.516200 0.000000 0.000000 0.000000 1.000000
0.997325 0.011621 0.072160 -0.000000 -0.002962 0.992896 -0.118950 16.671700 -0.073030 0.118418 0.990275 -2.516200 0.000000 0.000000 0.000000 1.000000
0.998242 0.003795 0.059154 0.000000 0.002885 0.993654 -0.112446 16.671700 -0.059205 0.112419 0.991896 -2.516200 0.000000 0.000000 0.000000 1.000000
0.998897 -0.003390 0.046826 0.000000 0.008349 0.994318 -0.106126 16.671700 -0.046200 0.106400 0.993249 -2.516200 0.000000 0.000000 0.000000 1.000000
0.999325 -0.009531 0.035483 0.000000 0.013096 0.994736 -0.101627 16.671700 -0.034328 0.102023 0.994190 -2.516200 0.000000 0.000000 0.000000 1.000000
0.999582 -0.013921 0.025337 0.000000 0.016375 0.994916 -0.099364 16.671700 -0.023824 0.099737 0.994729 -2.516200 0.000000 0.000000 0.000000 1.000000
0.999724 -0.016624 0.016592 0.000000 0.018176 0.994996 -0.098244 16.671700 -0.014876 0.098518 0.995024 -2.516200 0.000000 0.000000 0.000000 1.000000
0.999808 -0.017092 0.009554 0.000000 0.017949 0.994999 -0.098257 16.671700 -0.007827 0.098410 0.995115 -2.516200 0.000000 0.000000 0.000000 1.000000
0.999878 -0.014931 0.004521 0.000000 0.015307 0.994912 -0.099580 16.671700 -0.003011 0.099638 0.995019 -2.516200 0.000000 0.000000 0.000000 1.000000
0.999934 -0.011464 0.000574 0.000000 0.011464 0.994899 -0.100221 16.671700 0.000578 0.100221 0.994965 -2.516200 0.000000 0.000000 0.000000 1.000000
0.999968 -0.007936 -0.001378 0.000000 0.007762 0.995152 -0.098040 16.671700 0.002150 0.098026 0.995182 -2.516200 0.000000 0.000000 0.000000 1.000000</float_array><technique_common><accessor source="#mixamorig_Neck-Matrix-animation-output-transform-array" count="29" stride="16"><param type="float4x4"/></accessor></technique_common></source><source id="mixamorig_Neck-Interpolations"><Name_array id="mixamorig_Neck-Interpolations-array" count="29">
 LINEAR LINEAR LINEAR LINEAR LINEAR LINEAR LINEAR LINEAR LINEAR LINEAR LINEAR
LINEAR LINEAR LINEAR LINEAR LINEAR LINEAR LINEAR LINEAR LINEAR LINEAR LINEAR LINEAR
LINEAR LINEAR LINEAR LINEAR LINEAR LINEAR</Name_array><technique_common><accessor source="#mixamorig_Neck-Interpolations-array" count="29"><param type="name"/></accessor></technique_common></source><sampler id="mixamorig_Neck-Matrix-animation-transform"><input semantic="INPUT" source="#mixamorig_Neck-Matrix-animation-input"/><input semantic="OUTPUT" source="#mixamorig_Neck-Matrix-animation-output-transform"/><input semantic="INTERPOLATION" source="#mixamorig_Neck-Interpolations"/></sampler><channel source="#mixamorig_Neck-Matrix-animation-transform" target="mixamorig_Neck/matrix"/></animation>
    <animation id="mixamorig_Head-anim" name="mixamorig_Head"><source id="mixamorig_Head-Matrix-animation-input"><float_array id="mixamorig_Head-Matrix-animation-input-array" count="29">

0.000000 0.033333 0.066667 0.100000 0.133333 0.166667 0.200000 0.233333 0.266667 0.300000 0.333333 0.366667 0.400000 0.433333 0.466667 0.500000
0.533333 0.566667 0.600000 0.633333 0.666667 0.700000 0.733333 0.766667 0.800000 0.833333 0.866667 0.900000 0.933333</float_array><technique_common><accessor source="#mixamorig_Head-Matrix-animation-input-array" count="29"><param name="TIME" type="float"/></accessor></technique_common></source><source id="mixamorig_Head-Matrix-animation-output-transform"><float_array id="mixamorig_Head-Matrix-animation-output-transform-array" count="464">

0.999711 0.001406 0.024009 0.000000 -0.004554 0.991295 0.131584 9.617900 -0.023615 -0.131656 0.991014 1.685000 0.000000 0.000000 0.000000 1.000000
0.998101 0.010682 0.060663 -0.000000 -0.018953 0.990326 0.137461 9.617900 -0.058608 -0.138350 0.988648 1.685000 0.000000 0.000000 0.000000 1.000000
0.992665 0.025130 0.118258 0.000000 -0.040959 0.990218 0.133384 9.617900 -0.113749 -0.137249 0.983984 1.685000 0.000000 0.000000 0.000000 1.000000
0.981432 0.042325 0.187082 -0.000000 -0.065575 0.990620 0.119887 9.617900 -0.180253 -0.129928 0.975001 1.685000 0.000000 0.000000 0.000000 1.000000
0.964111 0.058909 0.258883 0.000000 -0.086108 0.991746 0.095005 9.617900 -0.251150 -0.113887 0.961225 1.685000 0.000000 0.000000 0.000000 1.000000
0.942361 0.074683 0.326157 0.000000 -0.100118 0.993049 0.061883 9.617900 -0.319268 -0.090970 0.943288 1.685000 0.000000 0.000000 0.000000 1.000000
0.920477 0.089200 0.380479 0.000000 -0.108870 0.993590 0.030447 9.617900 -0.375325 -0.069448 0.924288 1.685000 0.000000 0.000000 0.000000 1.000000
0.903933 0.101453 0.415467 0.000000 -0.115758 0.993234 0.009316 9.617900 -0.411710 -0.056515 0.909561 1.685000 0.000000 0.000000 0.000000 1.000000
0.890733 0.113718 0.440072 -0.000000 -0.123983 0.992269 -0.005461 9.617900 -0.437291 -0.049698 0.897946 1.685000 0.000000 0.000000 0.000000 1.000000
0.882658 0.124627 0.453192 0.000000 -0.132525 0.991075 -0.014433 9.617900 -0.450946 -0.047320 0.891296 1.685000 0.000000 0.000000 0.000000 1.000000
0.880005 0.132698 0.456050 0.000000 -0.139486 0.990043 -0.018919 9.617900 -0.454020 -0.046964 0.889753 1.685000 0.000000 0.000000 0.000000 1.000000
0.880029 0.138372 0.454314 0.000000 -0.144335 0.989290 -0.021726 9.617900 -0.452455 -0.046454 0.890577 1.685000 0.000000 0.000000 0.000000 1.000000
0.880781 0.141879 0.451769 0.000000 -0.147206 0.988826 -0.023546 9.617900 -0.450061 -0.045764 0.891824 1.685000 0.000000 0.000000 0.000000 1.000000
0.882091 0.143717 0.448620 0.000000 -0.148837 0.988569 -0.024044 9.617900 -0.446948 -0.045562 0.893399 1.685000 0.000000 0.000000 0.000000 1.000000
0.883675 0.145408 0.444944 0.000000 -0.151230 0.988240 -0.022609 9.617900 -0.442999 -0.047310 0.895273 1.685000 0.000000 0.000000 0.000000 1.000000
0.886818 0.148595 0.437577 0.000000 -0.156785 0.987476 -0.017582 9.617900 -0.434709 -0.053013 0.899009 1.685000 0.000000 0.000000 0.000000 1.000000
0.894466 0.151827 0.420569 0.000000 -0.163370 0.986527 -0.008684 9.617900 -0.416221 -0.060941 0.907219 1.685000 0.000000 0.000000 0.000000 1.000000
0.907312 0.148255 0.393454 0.000000 -0.162427 0.986717 0.002760 9.617900 -0.387819 -0.066412 0.919340 1.685000 0.000000 0.000000 0.000000 1.000000
0.922897 0.134572 0.360765 0.000000 -0.149839 0.988603 0.014548 9.617900 -0.354696 -0.067483 0.932543 1.685000 0.000000 0.000000 0.000000 1.000000
0.938191 0.116265 0.326007 0.000000 -0.132061 0.990883 0.026666 9.617900 -0.319934 -0.068071 0.944991 1.685000 0.000000 0.000000 0.000000 1.000000
0.952021 0.097412 0.290114 0.000000 -0.114777 0.992442 0.043411 9.617900 -0.283693 -0.074627 0.956007 1.685000 0.000000 0.000000 0.000000 1.000000
0.964211 0.078157 0.253354 0.000000 -0.097413 0.993161 0.064352 9.617900 -0.246592 -0.086729 0.965231 1.685000 0.000000 0.000000 0.000000 1.000000
0.974468 0.060240 0.216294 0.000000 -0.079915 0.993307 0.083396 9.617900 -0.209822 -0.098552 0.972760 1.685000 0.000000 0.000000 0.000000 1.000000
0.982832 0.044972 0.178935 -0.000000 -0.063177 0.993240 0.097384 9.617900 -0.173346 -0.107016 0.979029 1.685000 0.000000 0.000000 0.000000 1.000000
0.989360 0.032359 0.141842 0.000000 -0.047840 0.993093 0.107129 9.617900 -0.137396 -0.112775 0.984075 1.685000 0.000000 0.000000 0.000000 1.000000
0.994097 0.023371 0.105949 0.000000 -0.035460 0.992883 0.113695 9.617900 -0.102537 -0.116781 0.987850 1.685000 0.000000 0.000000 0.000000 1.000000
0.997228 0.016969 0.072447 0.000000 -0.025489 0.992644 0.118356 9.617900 -0.069905 -0.119874 0.990325 1.685000 0.000000 0.000000 0.000000 1.000000
0.999050 0.009540 0.042522 0.000000 -0.014779 0.992088 0.124672 9.617900 -0.040996 -0.125182 0.991286 1.685000 0.000000 0.000000 0.000000 1.000000
0.999711 0.001406 0.024009 -0.000000 -0.004554 0.991295 0.131584 9.617900 -0.023615 -0.131656 0.991014 1.685000 0.000000 0.000000 0.000000 1.000000</float_array><technique_common><accessor source="#mixamorig_Head-Matrix-animation-output-transform-array" count="29" stride="16"><param type="float4x4"/></accessor></technique_common></source><source id="mixamorig_Head-Interpolations"><Name_array id="mixamorig_Head-Interpolations-array" count="29">
 LINEAR LINEAR LINEAR LINEAR LINEAR LINEAR LINEAR LINEAR LINEAR LINEAR LINEAR
LINEAR LINEAR LINEAR LINEAR LINEAR LINEAR LINEAR LINEAR LINEAR LINEAR LINEAR LINEAR
LINEAR LINEAR LINEAR LINEAR LINEAR LINEAR</Name_array><technique_common><accessor source="#mixamorig_Head-Interpolations-array" count="29"><param type="name"/></accessor></technique_common></source><sampler id="mixamorig_Head-Matrix-animation-transform"><input semantic="INPUT" source="#mixamorig_Head-Matrix-animation-input"/><input semantic="OUTPUT" source="#mixamorig_Head-Matrix-animation-output-transform"/><input semantic="INTERPOLATION" source="#mixamorig_Head-Interpolations"/></sampler><channel source="#mixamorig_Head-Matrix-animation-transform" target="mixamorig_Head/matrix"/></animation>
    <animation id="mixamorig_LeftShoulder-anim" name="mixamorig_LeftShoulder"><source id="mixamorig_LeftShoulder-Matrix-animation-input"><float_array id="mixamorig_LeftShoulder-Matrix-animation-input-array" count="29">

0.000000 0.033333 0.066667 0.100000 0.133333 0.166667 0.200000 0.233333 0.266667 0.300000 0.333333 0.366667 0.400000 0.433333 0.466667 0.500000
0.533333 0.566667 0.600000 0.633333 0.666667 0.700000 0.733333 0.766667 0.800000 0.833333 0.866667 0.900000 0.933333</float_array><technique_common><accessor source="#mixamorig_LeftShoulder-Matrix-animation-input-array" count="29"><param name="TIME" type="float"/></accessor></technique_common></source><source id="mixamorig_LeftShoulder-Matrix-animation-output-transform"><float_array id="mixamorig_LeftShoulder-Matrix-animation-output-transform-array" count="464">

0.932053 0.203551 -0.299741 4.570400 -0.218689 0.975638 -0.017473 10.946000 0.288883 0.081836 0.953860 -2.628000 0.000000 0.000000 0.000000 1.000000
0.931154 0.205628 -0.301113 4.570400 -0.220826 0.975166 -0.016940 10.946000 0.290152 0.082268 0.953438 -2.628000 0.000000 0.000000 0.000000 1.000000
0.929929 0.208041 -0.303234 4.570400 -0.223351 0.974602 -0.016305 10.946000 0.292141 0.082890 0.952776 -2.628000 0.000000 0.000000 0.000000 1.000000
0.929083 0.209817 -0.304599 4.570400 -0.225196 0.974185 -0.015840 10.946000 0.293412 0.083311 0.952349 -2.628000 0.000000 0.000000 0.000000 1.000000
0.929619 0.209298 -0.303321 4.570400 -0.224586 0.974323 -0.016007 10.946000 0.292182 0.083002 0.952754 -2.628000 0.000000 0.000000 0.000000 1.000000
0.931140 0.206491 -0.300566 4.570400 -0.221625 0.974988 -0.016762 10.946000 0.289587 0.082221 0.953614 -2.628000 0.000000 0.000000 0.000000 1.000000
0.932695 0.203271 -0.297927 4.570400 -0.218273 0.975729 -0.017602 10.946000 0.287118 0.081447 0.954426 -2.628000 0.000000 0.000000 0.000000 1.000000
0.934040 0.201010 -0.295235 4.570400 -0.215850 0.976257 -0.018205 10.946000 0.284565 0.080730 0.955251 -2.628000 0.000000 0.000000 0.000000 1.000000
0.935402 0.198894 -0.292342 4.570400 -0.213552 0.976751 -0.018769 10.946000 0.281812 0.079986 0.956130 -2.628000 0.000000 0.000000 0.000000 1.000000
0.936204 0.197062 -0.291015 4.570400 -0.211658 0.977155 -0.019226 10.946000 0.280578 0.079595 0.956525 -2.628000 0.000000 0.000000 0.000000 1.000000
0.936591 0.195872 -0.290569 4.570400 -0.210462 0.977407 -0.019512 10.946000 0.280183 0.079428 0.956655 -2.628000 0.000000 0.000000 0.000000 1.000000
