<?xml version="1.0" encoding="utf-8"?>
<COLLADA xmlns="http://www.collada.org/2005/11/COLLADASchema" version="1.4.1">
  <asset><contributor><author>Mixamo</author><authoring_tool>COLLADA Mixamo exporter</authoring_tool><comments></comments></contributor><created>2019-03-19T12:30:09Z</created><modified>2019-03-19T12:30:09Z</modified><revision></revision><title></title><unit meter="0.010000"/><up_axis>Y_UP</up_axis></asset>
  <library_animations>
    <animation id="mixamorig_Hips-anim" name="mixamorig_Hips"><source id="mixamorig_Hips-Matrix-animation-input"><float_array id="mixamorig_Hips-Matrix-animation-input-array" count="29">

0.000000 0.033333 0.066667 0.100000 0.133333 0.166667 0.200000 0.233333 0.266667 0.300000 0.333333 0.366667 0.400000 0.433333 0.466667 0.500000
0.533333 0.566667 0.600000 0.633333 0.666667 0.700000 0.733333 0.766667 0.800000 0.833333 0.866667 0.900000 0.933333</float_array><technique_common><accessor source="#mixamorig_Hips-Matrix-animation-input-array" count="29"><param name="TIME" type="float"/></accessor></technique_common></source><source id="mixamorig_Hips-Matrix-animation-output-transform"><float_array id="mixamorig_Hips-Matrix-animation-output-transform-array" count="464">

0.992196 0.051743 0.113449 0.429338 -0.059400 0.996104 0.065185 103.394127 -0.109634 -0.071415 0.991403 1.363320 0.000000 0.000000 0.000000 1.000000
0.997219 0.058642 0.046000 0.511297 -0.060997 0.996804 0.051585 103.127808 -0.042828 -0.054248 0.997609 0.772756 0.000000 0.000000 0.000000 1.000000
0.997634 0.062872 -0.027827 0.756511 -0.061679 0.997219 0.041826 102.836655 0.030379 -0.040011 0.998737 0.259129 0.000000 0.000000 0.000000 1.000000
0.992536 0.068788 -0.100701 1.195795 -0.065449 0.997203 0.036103 102.773506 0.102903 -0.029243 0.994261 -0.368680 0.000000 0.000000 0.000000 1.000000
0.983087 0.076112 -0.166571 1.816928 -0.071431 0.996868 0.033927 102.930756 0.168632 -0.021455 0.985446 -1.067126 0.000000 0.000000 0.000000 1.000000
0.971174 0.082349 -0.223696 2.525698 -0.076541 0.996468 0.034526 103.075760 0.225750 -0.016408 0.974047 -1.769740 0.000000 0.000000 0.000000 1.000000
0.958633 0.083155 -0.272226 3.198848 -0.075986 0.996430 0.036792 103.037605 0.274314 -0.014584 0.961530 -2.444713 0.000000 0.000000 0.000000 1.000000
0.945617 0.079983 -0.315295 3.801551 -0.071276 0.996691 0.039070 102.887192 0.317377 -0.014473 0.948189 -3.105393 0.000000 0.000000 0.000000 1.000000
0.930343 0.076114 -0.358704 4.316826 -0.065627 0.996987 0.041341 102.696159 0.360770 -0.014921 0.932535 -3.763331 0.000000 0.000000 0.000000 1.000000
0.912302 0.073656 -0.402839 4.706264 -0.060281 0.997130 0.045801 102.532707 0.405056 -0.017501 0.914124 -4.397214 0.000000 0.000000 0.000000 1.000000
0.893793 0.074547 -0.442242 4.910678 -0.056991 0.996974 0.052874 102.497864 0.444845 -0.022055 0.895336 -4.990907 0.000000 0.000000 0.000000 1.000000
0.876914 0.078205 -0.474242 4.844605 -0.056137 0.996586 0.060540 102.561195 0.477357 -0.026466 0.878311 -5.570107 0.000000 0.000000 0.000000 1.000000
0.860247 0.084488 -0.502829 4.593534 -0.058590 0.996023 0.067122 102.638214 0.506500 -0.028281 0.861776 -6.154826 0.000000 0.000000 0.000000 1.000000
0.839224 0.095962 -0.535251 4.428296 -0.067764 0.995089 0.072155 102.478600 0.539547 -0.024283 0.841605 -6.670107 0.000000 0.000000 0.000000 1.000000
0.811753 0.103410 -0.574773 4.384054 -0.071236 0.994382 0.078297 102.179306 0.579640 -0.022613 0.814559 -7.086769 0.000000 0.000000 0.000000 1.000000
0.776320 0.105548 -0.621439 4.342264 -0.066342 0.994087 0.085964 102.051338 0.626838 -0.025508 0.778732 -7.401651 0.000000 0.000000 0.000000 1.000000
0.729714 0.103004 -0.675950 4.302578 -0.056081 0.994273 0.090970 102.219254 0.681449 -0.028474 0.731312 -7.556870 0.000000 0.000000 0.000000 1.000000
0.673041 0.101751 -0.732572 4.260084 -0.048789 0.994442 0.093300 102.486046 0.737994 -0.027053 0.674265 -7.487060 0.000000 0.000000 0.000000 1.000000
0.610908 0.103057 -0.784966 4.113780 -0.044553 0.994395 0.095879 102.762077 0.790447 -0.023600 0.612075 -7.233835 0.000000 0.000000 0.000000 1.000000
0.541350 0.102056 -0.834581 3.862570 -0.038324 0.994569 0.096762 103.069412 0.839924 -0.020397 0.542321 -6.842431 0.000000 0.000000 0.000000 1.000000
0.458919 0.100224 -0.882807 3.514535 -0.034235 0.994874 0.095150 103.284309 0.887818 -0.013443 0.459998 -6.306320 0.000000 0.000000 0.000000 1.000000
0.364086 0.100050 -0.925976 3.021013 -0.035344 0.994981 0.093609 103.379219 0.930695 -0.001354 0.365795 -5.629688 0.000000 0.000000 0.000000 1.000000
0.261270 0.100921 -0.959975 2.345862 -0.040013 0.994797 0.093692 103.300720 0.964436 0.013933 0.263949 -4.811820 0.000000 0.000000 0.000000 1.000000
0.150099 0.099733 -0.983628 1.524485 -0.049305 0.994416 0.093303 103.000656 0.987441 0.034493 0.154178 -3.879344 0.000000 0.000000 0.000000 1.000000
0.027894 0.091409 -0.995423 0.714649 -0.056177 0.994380 0.089739 102.840477 0.998031 0.053417 0.032872 -3.004272 0.000000 0.000000 0.000000 1.000000
-0.100712 0.079576 -0.991728 0.000232 -0.060927 0.994432 0.085980 102.920143 0.993048 0.069082 -0.095302 -2.229598 0.000000 0.000000 0.000000 1.000000
-0.224878 0.067180 -0.972068 -0.603690 -0.064273 0.994425 0.083594 103.141006 0.972265 0.081276 -0.219306 -1.465511 0.000000 0.000000 0.000000 1.000000
-0.338328 0.052020 -0.939589 -1.133711 -0.063022 0.994977 0.077779 103.345695 0.938916 0.085530 -0.333350 -0.697937 0.000000 0.000000 0.000000 1.000000
-0.441597 0.032287 -0.896632 -1.413921 -0.059527 0.996096 0.065186 103.377983 0.895237 0.082160 -0.437951 0.129597 0.000000 0.000000 0.000000 1.000000</float_array><technique_common><accessor source="#mixamorig_Hips-Matrix-animation-output-transform-array" count="29" stride="16"><param type="float4x4"/></accessor></technique_common></source><source id="mixamorig_Hips-Interpolations"><Name_array id="mixamorig_Hips-Interpolations-array" count="29">
 LINEAR LINEAR LINEAR LINEAR LINEAR LINEAR LINEAR LINEAR LINEAR LINEAR LINEAR
LINEAR LINEAR LINEAR LINEAR LINEAR LINEAR LINEAR LINEAR LINEAR LINEAR LINEAR LINEAR
LINEAR LINEAR LINEAR LINEAR LINEAR LINEAR</Name_array><technique_common><accessor source="#mixamorig_Hips-Interpolations-array" count="29"><param type="name"/></accessor></technique_common></source><sampler id="mixamorig_Hips-Matrix-animation-transform"><input semantic="INPUT" source="#mixamorig_Hips-Matrix-animation-input"/><input semantic="OUTPUT" source="#mixamorig_Hips-Matrix-animation-output-transform"/><input semantic="INTERPOLATION" source="#mixamorig_Hips-Interpolations"/></sampler><channel source="#mixamorig_Hips-Matrix-animation-transform" target="mixamorig_Hips/matrix"/></animation>
    <animation id="mixamorig_Spine-anim" name="mixamorig_Spine"><source id="mixamorig_Spine-Matrix-animation-input"><float_array id="mixamorig_Spine-Matrix-animation-input-array" count="29">

0.000000 0.033333 0.066667 0.100000 0.133333 0.166667 0.200000 0.233333 0.266667 0.300000 0.333333 0.366667 0.400000 0.433333 0.466667 0.500000
0.533333 0.566667 0.600000 0.633333 0.666667 0.700000 0.733333 0.766667 0.800000 0.833333 0.866667 0.900000 0.933333</float_array><technique_common><accessor source="#mixamorig_Spine-Matrix-animation-input-array" count="29"><param name="TIME" type="float"/></accessor></technique_common></source><source id="mixamorig_Spine-Matrix-animation-output-transform"><float_array id="mixamorig_Spine-Matrix-animation-output-transform-array" count="464">

0.998505 -0.047563 0.026924 0.000000 0.049049 0.997140 -0.057492 10.181600 -0.024113 0.058726 0.997983 0.131500 0.000000 0.000000 0.000000 1.000000
0.998842 -0.042243 0.023047 0.000000 0.043552 0.997271 -0.059620 10.181600 -0.020466 0.060555 0.997955 0.131500 0.000000 0.000000 0.000000 1.000000
0.999131 -0.036638 0.019885 0.000000 0.037806 0.997364 -0.061934 10.181600 -0.017563 0.062632 0.997882 0.131500 0.000000 0.000000 0.000000 1.000000
0.999169 -0.037052 0.016985 0.000000 0.038071 0.997213 -0.064160 10.181600 -0.014560 0.064753 0.997795 0.131500 0.000000 0.000000 0.000000 1.000000
0.998938 -0.043908 0.013995 -0.000000 0.044738 0.996823 -0.065891 10.181600 -0.011057 0.066447 0.997729 0.131500 0.000000 0.000000 0.000000 1.000000
0.998518 -0.053390 0.010574 0.000000 0.053976 0.996333 -0.066386 10.181600 -0.006991 0.066858 0.997738 0.131500 0.000000 0.000000 0.000000 1.000000
0.998274 -0.058414 0.006129 0.000000 0.058689 0.996149 -0.065138 10.181600 -0.002300 0.065386 0.997857 0.131500 0.000000 0.000000 0.000000 1.000000
0.998239 -0.059284 0.002082 0.000000 0.059299 0.996296 -0.062267 10.181600 0.001618 0.062281 0.998057 0.131500 0.000000 0.000000 0.000000 1.000000
0.998252 -0.059098 0.000504 0.000000 0.059026 0.996527 -0.058742 10.181600 0.002969 0.058669 0.998273 0.131500 0.000000 0.000000 0.000000 1.000000
0.998267 -0.058838 -0.000557 0.000000 0.058715 0.996708 -0.055909 10.181600 0.003844 0.055779 0.998436 0.131500 0.000000 0.000000 0.000000 1.000000
0.998170 -0.060347 -0.003848 -0.000000 0.060054 0.996751 -0.053675 10.181600 0.007074 0.053346 0.998551 0.131500 0.000000 0.000000 0.000000 1.000000
0.998034 -0.061993 -0.009194 -0.000000 0.061449 0.996814 -0.050845 10.181600 0.012316 0.050181 0.998664 0.131500 0.000000 0.000000 0.000000 1.000000
0.998002 -0.061819 -0.013034 -0.000000 0.061126 0.996969 -0.048124 10.181600 0.015969 0.047231 0.998756 0.131500 0.000000 0.000000 0.000000 1.000000
0.997696 -0.066799 -0.011835 0.000000 0.066172 0.996691 -0.047211 10.181600 0.014950 0.046319 0.998815 0.131500 0.000000 0.000000 0.000000 1.000000
0.997587 -0.069084 -0.006835 0.000000 0.068673 0.996459 -0.048516 10.181600 0.010162 0.047930 0.998799 0.131500 0.000000 0.000000 0.000000 1.000000
0.997871 -0.065210 -0.000584 0.000000 0.065096 0.996584 -0.050824 10.181600 0.003896 0.050678 0.998707 0.131500 0.000000 0.000000 0.000000 1.000000
0.998336 -0.057325 0.006189 0.000000 0.057570 0.996989 -0.051952 10.181600 -0.003193 0.052221 0.998630 0.131500 0.000000 0.000000 0.000000 1.000000
0.998440 -0.054684 0.011269 0.000000 0.055209 0.997053 -0.053272 10.181600 -0.008323 0.053812 0.998516 0.131500 0.000000 0.000000 0.000000 1.000000
0.998292 -0.056862 0.013384 0.000000 0.057529 0.996755 -0.056308 10.181600 -0.010139 0.056982 0.998324 0.131500 0.000000 0.000000 0.000000 1.000000
0.998182 -0.058095 0.016030 0.000000 0.058946 0.996512 -0.059067 10.181600 -0.012542 0.059904 0.998125 0.131500 0.000000 0.000000 0.000000 1.000000
0.997941 -0.060186 0.022182 -0.000000 0.061440 0.996242 -0.061056 10.181600 -0.018424 0.062293 0.997888 0.131500 0.000000 0.000000 0.000000 1.000000
0.997419 -0.065141 0.030208 0.000000 0.066944 0.995758 -0.063121 10.181600 -0.025968 0.064980 0.997549 0.131500 0.000000 0.000000 0.000000 1.000000
0.996631 -0.072927 0.037532 -0.000000 0.075241 0.995080 -0.064454 10.181600 -0.032647 0.067061 0.997215 0.131500 0.000000 0.000000 0.000000 1.000000
0.995409 -0.084603 0.044764 0.000000 0.087356 0.994144 -0.063609 10.181600 -0.039121 0.067227 0.996970 0.131500 0.000000 0.000000 0.000000 1.000000
0.994695 -0.088615 0.052240 0.000000 0.091772 0.993879 -0.061506 10.181600 -0.046470 0.065974 0.996739 0.131500 0.000000 0.000000 0.000000 1.000000
0.994970 -0.082884 0.056252 -0.000000 0.086262 0.994430 -0.060556 10.181600 -0.050919 0.065104 0.996579 0.131500 0.000000 0.000000 0.000000 1.000000
0.995992 -0.072797 0.051961 -0.000000 0.075914 0.995262 -0.060753 10.181600 -0.047292 0.064454 0.996799 0.131500 0.000000 0.000000 0.000000 1.000000
0.997351 -0.060771 0.039970 0.000000 0.063109 0.996196 -0.060098 10.181600 -0.036166 0.062461 0.997392 0.131500 0.000000 0.000000 0.000000 1.000000
0.998499 -0.047691 0.026945 0.000000 0.049178 0.997134 -0.057488 10.181600 -0.024126 0.058727 0.997982 0.131500 0.000000 0.000000 0.000000 1.000000</float_array><technique_common><accessor source="#mixamorig_Spine-Matrix-animation-output-transform-array" count="29" stride="16"><param type="float4x4"/></accessor></technique_common></source><source id="mixamorig_Spine-Interpolations"><Name_array id="mixamorig_Spine-Interpolations-array" count="29">
 LINEAR LINEAR LINEAR LINEAR LINEAR LINEAR LINEAR LINEAR LINEAR LINEAR LINEAR
LINEAR LINEAR LINEAR LINEAR LINEAR LINEAR LINEAR LINEAR LINEAR LINEAR LINEAR LINEAR
LINEAR LINEAR LINEAR LINEAR LINEAR LINEAR</Name_array><technique_common><accessor source="#mixamorig_Spine-Interpolations-array" count="29"><param type="name"/></accessor></technique_common></source><sampler id="mixamorig_Spine-Matrix-animation-transform"><input semantic="INPUT" source="#mixamorig_Spine-Matrix-animation-input"/><input semantic="OUTPUT" source="#mixamorig_Spine-Matrix-animation-output-transform"/><input semantic="INTERPOLATION" source="#mixamorig_Spine-Interpolations"/></sampler><channel source="#mixamorig_Spine-Matrix-animation-transform" target="mixamorig_Spine/matrix"/></animation>
    <animation id="mixamorig_Spine1-anim" name="mixamorig_Spine1"><source id="mixamorig_Spine1-Matrix-animation-input"><float_array id="mixamorig_Spine1-Matrix-animation-input-array" count="29">

0.000000 0.033333 0.066667 0.100000 0.133333 0.166667 0.200000 0.233333 0.266667 0.300000 0.333333 0.366667 0.400000 0.433333 0.466667 0.500000
0.533333 0.566667 0.600000 0.633333 0.666667 0.700000 0.733333 0.766667 0.800000 0.833333 0.866667 0.900000 0.933333</float_array><technique_common><accessor source="#mixamorig_Spine1-Matrix-animation-input-array" count="29"><param name="TIME" type="float"/></accessor></technique_common></source><source id="mixamorig_Spine1-Matrix-animation-output-transform"><float_array id="mixamorig_Spine1-Matrix-animation-output-transform-array" count="464">

0.999615 -0.027098 0.005925 0.000000 0.027212 0.999428 -0.020103 10.083500 -0.005376 0.020256 0.999780 -1.000800 0.000000 0.000000 0.000000 1.000000
0.999629 -0.027053 0.003229 0.000000 0.027117 0.999395 -0.021785 10.083500 -0.002638 0.021864 0.999757 -1.000800 0.000000 0.000000 0.000000 1.000000
0.999686 -0.025014 0.001198 0.000000 0.025035 0.999410 -0.023528 10.083500 -0.000609 0.023551 0.999722 -1.000800 0.000000 0.000000 0.000000 1.000000
0.999770 -0.021411 -0.001267 0.000000 0.021372 0.999449 -0.025398 10.083500 0.001810 0.025365 0.999677 -1.000800 0.000000 0.000000 0.000000 1.000000
0.999839 -0.017302 -0.004688 0.000000 0.017168 0.999483 -0.027178 10.083500 0.005156 0.027093 0.999620 -1.000800 0.000000 0.000000 0.000000 1.000000
0.999880 -0.012794 -0.008717 -0.000000 0.012546 0.999531 -0.027934 10.083500 0.009071 0.027821 0.999572 -1.000800 0.000000 0.000000 0.000000 1.000000
0.999888 -0.007303 -0.013054 -0.000000 0.006949 0.999613 -0.026953 10.083500 0.013246 0.026860 0.999551 -1.000800 0.000000 0.000000 0.000000 1.000000
0.999859 -0.000710 -0.016765 0.000000 0.000300 0.999701 -0.024438 10.083500 0.016777 0.024430 0.999561 -1.000800 0.000000 0.000000 0.000000 1.000000
0.999807 0.006412 -0.018546 0.000000 -0.006808 0.999749 -0.021351 10.083500 0.018405 0.021473 0.999600 -1.000800 0.000000 0.000000 0.000000 1.000000
0.999711 0.013359 -0.019990 0.000000 -0.013734 0.999730 -0.018731 10.083500 0.019734 0.019000 0.999625 -1.000800 0.000000 0.000000 0.000000 1.000000
0.999525 0.020253 -0.023250 0.000000 -0.020639 0.999651 -0.016488 10.083500 0.022908 0.016960 0.999594 -1.000800 0.000000 0.000000 0.000000 1.000000
0.999237 0.027249 -0.027973 0.000000 -0.027640 0.999524 -0.013709 10.083500 0.027586 0.014472 0.999515 -1.000800 0.000000 0.000000 0.000000 1.000000
0.998976 0.032506 -0.031479 0.000000 -0.032869 0.999398 -0.011078 10.083500 0.031099 0.012101 0.999443 -1.000800 0.000000 0.000000 0.000000 1.000000
0.998888 0.035583 -0.030936 -0.000000 -0.035912 0.999303 -0.010145 10.083500 0.030553 0.011245 0.999470 -1.000800 0.000000 0.000000 0.000000 1.000000
0.998842 0.039587 -0.027348 0.000000 -0.039907 0.999140 -0.011283 10.083500 0.026878 0.012362 0.999562 -1.000800 0.000000 0.000000 0.000000 1.000000
0.998736 0.044857 -0.022697 0.000000 -0.045170 0.998889 -0.013447 10.083500 0.022068 0.014456 0.999652 -1.000800 0.000000 0.000000 0.000000 1.000000
0.998648 0.048969 -0.017432 0.000000 -0.049227 0.998679 -0.014710 10.083500 0.016688 0.015548 0.999740 -1.000800 0.000000 0.000000 0.000000 1.000000
0.998703 0.049139 -0.013320 0.000000 -0.049350 0.998653 -0.015994 10.083500 0.012516 0.016630 0.999783 -1.000800 0.000000 0.000000 0.000000 1.000000
0.998851 0.046493 -0.011587 -0.000000 -0.046703 0.998738 -0.018483 10.083500 0.010713 0.019003 0.999762 -1.000800 0.000000 0.000000 0.000000 1.000000
0.999034 0.042946 -0.009363 0.000000 -0.043133 0.998852 -0.020820 10.083500 0.008459 0.021204 0.999739 -1.000800 0.000000 0.000000 0.000000 1.000000
0.999298 0.037225 -0.004310 -0.000000 -0.037313 0.999046 -0.022710 10.083500 0.003460 0.022855 0.999733 -1.000800 0.000000 0.000000 0.000000 1.000000
0.999601 0.028150 0.002146 0.000000 -0.028088 0.999300 -0.024697 10.083500 -0.002840 0.024627 0.999693 -1.000800 0.000000 0.000000 0.000000 1.000000
0.999819 0.017306 0.007900 0.000000 -0.017095 0.999515 -0.026027 10.083500 -0.008346 0.025887 0.999630 -1.000800 0.000000 0.000000 0.000000 1.000000
0.999895 0.005575 0.013357 0.000000 -0.005230 0.999656 -0.025699 10.083500 -0.013496 0.025627 0.999580 -1.000800 0.000000 0.000000 0.000000 1.000000
0.999787 -0.005612 0.019841 0.000000 0.006095 0.999685 -0.024363 10.083500 -0.019698 0.024478 0.999506 -1.000800 0.000000 0.000000 0.000000 1.000000
0.999568 -0.015900 0.024717 -0.000000 0.016486 0.999583 -0.023713 10.083500 -0.024330 0.024110 0.999413 -1.000800 0.000000 0.000000 0.000000 1.000000
0.999429 -0.024479 0.023272 0.000000 0.025028 0.999407 -0.023636 10.083500 -0.022679 0.024205 0.999450 -1.000800 0.000000 0.000000 0.000000 1.000000
0.999483 -0.028325 0.015189 0.000000 0.028665 0.999333 -0.022645 10.083500 -0.014537 0.023068 0.999628 -1.000800 0.000000 0.000000 0.000000 1.000000
0.999615 -0.027098 0.005925 -0.000000 0.027212 0.999428 -0.020103 10.083500 -0.005377 0.020256 0.999780 -1.000800 0.000000 0.000000 0.000000 1.000000</float_array><technique_common><accessor source="#mixamorig_Spine1-Matrix-animation-output-transform-array" count="29" stride="16"><param type="float4x4"/></accessor></technique_common></source><source id="mixamorig_Spine1-Interpolations"><Name_array id="mixamorig_Spine1-Interpolations-array" count="29">
 LINEAR LINEAR LINEAR LINEAR LINEAR LINEAR LINEAR LINEAR LINEAR LINEAR LINEAR
LINEAR LINEAR LINEAR LINEAR LINEAR LINEAR LINEAR LINEAR LINEAR LINEAR LINEAR LINEAR
LINEAR LINEAR LINEAR LINEAR LINEAR LINEAR</Name_array><technique_common><accessor source="#mixamorig_Spine1-Interpolations-array" count="29"><param type="name"/></accessor></technique_common></source><sampler id="mixamorig_Spine1-Matrix-animation-transform"><input semantic="INPUT" source="#mixamorig_Spine1-Matrix-animation-input"/><input semantic="OUTPUT" source="#mixamorig_Spine1-Matrix-animation-output-transform"/><input semantic="INTERPOLATION" source="#mixamorig_Spine1-Interpolations"/></sampler><channel source="#mixamorig_Spine1-Matrix-animation-transform" target="mixamorig_Spine1/matrix"/></animation>
    <animation id="mixamorig_Spine2-anim" name="mixamorig_Spine2"><source id="mixamorig_Spine2-Matrix-animation-input"><float_array id="mixamorig_Spine2-Matrix-animation-input-array" count="29">

0.000000 0.033333 0.066667 0.100000 0.133333 0.166667 0.200000 0.233333 0.266667 0.300000 0.333333 0.366667 0.400000 0.433333 0.466667 0.500000
0.533333 0.566667 0.600000 0.633333 0.666667 0.700000 0.733333 0.766667 0.800000 0.833333 0.866667 0.900000 0.933333</float_array><technique_common><accessor source="#mixamorig_Spine2-Matrix-animation-input-array" count="29"><param name="TIME" type="float"/></accessor></technique_common></source><source id="mixamorig_Spine2-Matrix-animation-output-transform"><float_array id="mixamorig_Spine2-Matrix-animation-output-transform-array" count="464">

0.999611 -0.027151 0.006310 0.000000 0.027271 0.999435 -0.019651 9.100000 -0.005773 0.019815 0.999787 -1.373400 0.000000 0.000000 0.000000 1.000000
0.999606 -0.027822 0.003582 -0.000000 0.027892 0.999385 -0.021264 9.100000 -0.002988 0.021356 0.999767 -1.373400 0.000000 0.000000 0.000000 1.000000
0.999609 -0.027914 0.001661 -0.000000 0.027945 0.999346 -0.022938 9.100000 -0.001020 0.022976 0.999736 -1.373400 0.000000 0.000000 0.000000 1.000000
0.999618 -0.027619 -0.000525 0.000000 0.027597 0.999313 -0.024749 9.100000 0.001208 0.024725 0.999694 -1.373400 0.000000 0.000000 0.000000 1.000000
0.999608 -0.027774 -0.003507 0.000000 0.027672 0.999266 -0.026488 9.100000 0.004241 0.026381 0.999643 -1.373400 0.000000 0.000000 0.000000 1.000000
0.999574 -0.028328 -0.006985 0.000000 0.028128 0.999234 -0.027215 9.100000 0.007751 0.027007 0.999605 -1.373400 0.000000 0.000000 0.000000 1.000000
0.999535 -0.028547 -0.010709 0.000000 0.028258 0.999257 -0.026200 9.100000 0.011449 0.025885 0.999599 -1.373400 0.000000 0.000000 0.000000 1.000000
0.999509 -0.028139 -0.013759 0.000000 0.027809 0.999333 -0.023656 9.100000 0.014416 0.023262 0.999625 -1.373400 0.000000 0.000000 0.000000 1.000000
0.999511 -0.027505 -0.014860 0.000000 0.027197 0.999419 -0.020554 9.100000 0.015416 0.020140 0.999678 -1.373400 0.000000 0.000000 0.000000 1.000000
0.999510 -0.027127 -0.015631 -0.000000 0.026846 0.999479 -0.017925 9.100000 0.016109 0.017497 0.999717 -1.373400 0.000000 0.000000 0.000000 1.000000
0.999479 -0.026643 -0.018223 0.000000 0.026358 0.999530 -0.015675 9.100000 0.018632 0.015186 0.999711 -1.373400 0.000000 0.000000 0.000000 1.000000
0.999421 -0.025710 -0.022300 -0.000000 0.025427 0.999594 -0.012890 9.100000 0.022622 0.012316 0.999668 -1.373400 0.000000 0.000000 0.000000 1.000000
0.999342 -0.026038 -0.025257 -0.000000 0.025786 0.999615 -0.010245 9.100000 0.025514 0.009587 0.999628 -1.373400 0.000000 0.000000 0.000000 1.000000
0.999315 -0.027916 -0.024277 -0.000000 0.027698 0.999573 -0.009297 9.100000 0.024527 0.008618 0.999662 -1.373400 0.000000 0.000000 0.000000 1.000000
0.999400 -0.028020 -0.020352 -0.000000 0.027813 0.999559 -0.010410 9.100000 0.020635 0.009837 0.999739 -1.373400 0.000000 0.000000 0.000000 1.000000
0.999548 -0.025791 -0.015449 0.000000 0.025598 0.999593 -0.012578 9.100000 0.015767 0.012177 0.999802 -1.373400 0.000000 0.000000 0.000000 1.000000
0.999675 -0.023461 -0.009956 -0.000000 0.023322 0.999631 -0.013900 9.100000 0.010278 0.013663 0.999854 -1.373400 0.000000 0.000000 0.000000 1.000000
0.999705 -0.023594 -0.005691 0.000000 0.023505 0.999608 -0.015216 9.100000 0.006048 0.015078 0.999868 -1.373400 0.000000 0.000000 0.000000 1.000000
0.999687 -0.024673 -0.004021 0.000000 0.024599 0.999541 -0.017694 9.100000 0.004456 0.017590 0.999835 -1.373400 0.000000 0.000000 0.000000 1.000000
0.999714 -0.023813 -0.002153 -0.000000 0.023765 0.999517 -0.020024 9.100000 0.002629 0.019967 0.999797 -1.373400 0.000000 0.000000 0.000000 1.000000
0.999738 -0.022765 0.002340 0.000000 0.022811 0.999500 -0.021900 9.100000 -0.001841 0.021948 0.999757 -1.373400 0.000000 0.000000 0.000000 1.000000
0.999695 -0.023358 0.008067 0.000000 0.023544 0.999438 -0.023854 9.100000 -0.007505 0.024036 0.999683 -1.373400 0.000000 0.000000 0.000000 1.000000
0.999612 -0.024635 0.013001 -0.000000 0.024956 0.999372 -0.025143 9.100000 -0.012374 0.025458 0.999599 -1.373400 0.000000 0.000000 0.000000 1.000000
0.999496 -0.026399 0.017631 0.000000 0.026832 0.999333 -0.024760 9.100000 -0.016965 0.025221 0.999538 -1.373400 0.000000 0.000000 0.000000 1.000000
0.999340 -0.027971 0.023192 -0.000000 0.028514 0.999319 -0.023404 9.100000 -0.022521 0.024050 0.999457 -1.373400 0.000000 0.000000 0.000000 1.000000
0.999194 -0.029663 0.027057 0.000000 0.030284 0.999280 -0.022845 9.100000 -0.026359 0.023646 0.999373 -1.373400 0.000000 0.000000 0.000000 1.000000
0.999208 -0.031227 0.024682 -0.000000 0.031794 0.999231 -0.022940 9.100000 -0.023947 0.023707 0.999432 -1.373400 0.000000 0.000000 0.000000 1.000000
0.999416 -0.030245 0.015930 0.000000 0.030594 0.999287 -0.022105 9.100000 -0.015250 0.022579 0.999629 -1.373400 0.000000 0.000000 0.000000 1.000000
0.999611 -0.027151 0.006310 -0.000000 0.027271 0.999435 -0.019651 9.100000 -0.005773 0.019815 0.999787 -1.373400 0.000000 0.000000 0.000000 1.000000</float_array><technique_common><accessor source="#mixamorig_Spine2-Matrix-animation-output-transform-array" count="29" stride="16"><param type="float4x4"/></accessor></technique_common></source><source id="mixamorig_Spine2-Interpolations"><Name_array id="mixamorig_Spine2-Interpolations-array" count="29">
 LINEAR LINEAR LINEAR LINEAR LINEAR LINEAR LINEAR LINEAR LINEAR LINEAR LINEAR
LINEAR LINEAR LINEAR LINEAR LINEAR LINEAR LINEAR LINEAR LINEAR LINEAR LINEAR LINEAR
LINEAR LINEAR LINEAR LINEAR LINEAR LINEAR</Name_array><technique_common><accessor source="#mixamorig_Spine2-Interpolations-array" count="29"><param type="name"/></accessor></technique_common></source><sampler id="mixamorig_Spine2-Matrix-animation-transform"><input semantic="INPUT" source="#mixamorig_Spine2-Matrix-animation-input"/><input semantic="OUTPUT" source="#mixamorig_Spine2-Matrix-animation-output-transform"/><input semantic="INTERPOLATION" source="#mixamorig_Spine2-Interpolations"/></sampler><channel source="#mixamorig_Spine2-Matrix-animation-transform" target="mixamorig_Spine2/matrix"/></animation>
    <animation id="mixamorig_Neck-anim" name="mixamorig_Neck"><source id="mixamorig_Neck-Matrix-animation-input"><float_array id="mixamorig_Neck-Matrix-animation-input-array" count="29">

0.000000 0.033333 0.066667 0.100000 0.133333 0.166667 0.200000 0.233333 0.266667 0.300000 0.333333 0.366667 0.400000 0.433333 0.466667 0.500000
0.533333 0.566667 0.600000 0.633333 0.666667 0.700000 0.733333 0.766667 0.800000 0.833333 0.866667 0.900000 0.933333</float_array><technique_common><accessor source="#mixamorig_Neck-Matrix-animation-input-array" count="29"><param name="TIME" type="float"/></accessor></technique_common></source><source id="mixamorig_Neck-Matrix-animation-output-transform"><float_array id="mixamorig_Neck-Matrix-animation-output-transform-array" count="464">

0.999968 -0.007936 -0.001378 0.000000 0.007762 0.995152 -0.098040 16.671700 0.002149 0.098026 0.995182 -2.516200 0.000000 0.000000 0.000000 1.000000
0.999826 -0.013753 -0.012567 0.000000 0.012485 0.995305 -0.095980 16.671700 0.013828 0.095806 0.995304 -2.516200 0.000000 0.000000 0.000000 1.000000
0.999126 -0.023637 -0.034485 0.000000 0.020119 0.994881 -0.099032 16.671700 0.036649 0.098252 0.994486 -2.516200 0.000000 0.000000 0.000000 1.000000
0.997432 -0.035069 -0.062443 -0.000000 0.028238 0.993847 -0.107105 16.671700 0.065815 0.105067 0.992285 -2.516200 0.000000 0.000000 0.000000 1.000000
0.994654 -0.046043 -0.092427 0.000000 0.034994 0.992422 -0.117787 16.671700 0.097150 0.113923 0.988728 -2.516200 0.000000 0.000000 0.000000 1.000000
0.991266 -0.054303 -0.120181 0.000000 0.038738 0.990984 -0.128255 16.671700 0.126062 0.122479 0.984432 -2.516200 0.000000 0.000000 0.000000 1.000000
0.988205 -0.059309 -0.141183 0.000000 0.039894 0.989826 -0.136574 16.671700 0.147846 0.129331 0.980518 -2.516200 0.000000 0.000000 0.000000 1.000000
0.986460 -0.061378 -0.152086 0.000000 0.039780 0.989183 -0.141188 16.671700 0.159107 0.133226 0.978231 -2.516200 0.000000 0.000000 0.000000 1.000000
0.985442 -0.062456 -0.158122 0.000000 0.039700 0.988900 -0.143182 16.671700 0.165310 0.134820 0.976983 -2.516200 0.000000 0.000000 0.000000 1.000000
0.985081 -0.063193 -0.160071 0.000000 0.040118 0.988839 -0.143487 16.671700 0.167352 0.134924 0.976621 -2.516200 0.000000 0.000000 0.000000 1.000000
0.985346 -0.063356 -0.158366 0.000000 0.040493 0.988801 -0.143639 16.671700 0.165693 0.135121 0.976877 -2.516200 0.000000 0.000000 0.000000 1.000000
0.986008 -0.062910 -0.154374 0.000000 0.040451 0.988672 -0.144538 16.671700 0.161718 0.136271 0.977383 -2.516200 0.000000 0.000000 0.000000 1.000000
0.986837 -0.062316 -0.149228 0.000000 0.040509 0.988610 -0.144948 16.671700 0.156561 0.136995 0.978121 -2.516200 0.000000 0.000000 0.000000 1.000000
0.987871 -0.060415 -0.143039 0.000000 0.039788 0.988936 -0.142909 16.671700 0.150090 0.135485 0.979345 -2.516200 0.000000 0.000000 0.000000 1.000000
0.989250 -0.055081 -0.135463 -0.000000 0.036092 0.989657 -0.138839 16.671700 0.141709 0.132458 0.981006 -2.516200 0.000000 0.000000 0.000000 1.000000
0.990836 -0.048517 -0.126057 -0.000000 0.031297 0.990330 -0.135154 16.671700 0.131395 0.129971 0.982773 -2.516200 0.000000 0.000000 0.000000 1.000000
0.992427 -0.044358 -0.114550 0.000000 0.028939 0.990704 -0.132921 16.671700 0.119381 0.128599 0.984485 -2.516200 0.000000 0.000000 0.000000 1.000000
0.993987 -0.040875 -0.101580 -0.000000 0.027475 0.991136 -0.129980 16.671700 0.105992 0.126407 0.986300 -2.516200 0.000000 0.000000 0.000000 1.000000
0.995480 -0.035186 -0.088215 0.000000 0.023979 0.991864 -0.125025 16.671700 0.091897 0.122345 0.988224 -2.516200 0.000000 0.000000 0.000000 1.000000
0.996813 -0.027446 -0.074908 -0.000000 0.018392 0.992726 -0.118979 16.671700 0.077629 0.117222 0.990067 -2.516200 0.000000 0.000000 0.000000 1.000000
0.997889 -0.019636 -0.061904 0.000000 0.012575 0.993577 -0.112459 16.671700 0.063715 0.111443 0.991726 -2.516200 0.000000 0.000000 0.000000 1.000000
0.998692 -0.012463 -0.049578 0.000000 0.007140 0.994327 -0.106125 16.671700 0.050620 0.105632 0.993116 -2.516200 0.000000 0.000000 0.000000 1.000000
0.999249 -0.006329 -0.038237 -0.000000 0.002413 0.994821 -0.101612 16.671700 0.038682 0.101443 0.994089 -2.516200 0.000000 0.000000 0.000000 1.000000
0.999603 -0.001944 -0.028091 0.000000 -0.000856 0.995053 -0.099340 16.671700 0.028145 0.099325 0.994657 -2.516200 0.000000 0.000000 0.000000 1.000000
0.999813 0.000756 -0.019348 0.000000 -0.002653 0.995162 -0.098215 16.671700 0.019181 0.098248 0.994977 -2.516200 0.000000 0.000000 0.000000 1.000000
0.999923 0.001222 -0.012310 -0.000000 -0.002426 0.995161 -0.098229 16.671700 0.012130 0.098251 0.995088 -2.516200 0.000000 0.000000 0.000000 1.000000
0.999973 -0.000940 -0.007277 0.000000 0.000210 0.995032 -0.099560 16.671700 0.007335 0.099556 0.995005 -2.516200 0.000000 0.000000 0.000000 1.000000
0.999985 -0.004407 -0.003331 0.000000 0.004051 0.994958 -0.100211 16.671700 0.003756 0.100196 0.994961 -2.516200 0.000000 0.000000 0.000000 1.000000
0.999968 -0.007936 -0.001378 0.000000 0.007762 0.995152 -0.098040 16.671700 0.002150 0.098026 0.995182 -2.516200 0.000000 0.000000 0.000000 1.000000</float_array><technique_common><accessor source="#mixamorig_Neck-Matrix-animation-output-transform-array" count="29" stride="16"><param type="float4x4"/></accessor></technique_common></source><source id="mixamorig_Neck-Interpolations"><Name_array id="mixamorig_Neck-Interpolations-array" count="29">
 LINEAR LINEAR LINEAR LINEAR LINEAR LINEAR LINEAR LINEAR LINEAR LINEAR LINEAR
LINEAR LINEAR LINEAR LINEAR LINEAR LINEAR LINEAR LINEAR LINEAR LINEAR LINEAR LINEAR
LINEAR LINEAR LINEAR LINEAR LINEAR LINEAR</Name_array><technique_common><accessor source="#mixamorig_Neck-Interpolations-array" count="29"><param type="name"/></accessor></technique_common></source><sampler id="mixamorig_Neck-Matrix-animation-transform"><input semantic="INPUT" source="#mixamorig_Neck-Matrix-animation-input"/><input semantic="OUTPUT" source="#mixamorig_Neck-Matrix-animation-output-transform"/><input semantic="INTERPOLATION" source="#mixamorig_Neck-Interpolations"/></sampler><channel source="#mixamorig_Neck-Matrix-animation-transform" target="mixamorig_Neck/matrix"/></animation>
    <animation id="mixamorig_Head-anim" name="mixamorig_Head"><source id="mixamorig_Head-Matrix-animation-input"><float_array id="mixamorig_Head-Matrix-animation-input-array" count="29">

0.000000 0.033333 0.066667 0.100000 0.133333 0.166667 0.200000 0.233333 0.266667 0.300000 0.333333 0.366667 0.400000 0.433333 0.466667 0.500000
0.533333 0.566667 0.600000 0.633333 0.666667 0.700000 0.733333 0.766667 0.800000 0.833333 0.866667 0.900000 0.933333</float_array><technique_common><accessor source="#mixamorig_Head-Matrix-animation-input-array" count="29"><param name="TIME" type="float"/></accessor></technique_common></source><source id="mixamorig_Head-Matrix-animation-output-transform"><float_array id="mixamorig_Head-Matrix-animation-output-transform-array" count="464">

0.999711 0.001406 0.024009 -0.000000 -0.004554 0.991295 0.131584 9.617900 -0.023615 -0.131656 0.991014 1.685000 0.000000 0.000000 0.000000 1.000000
0.999888 -0.007847 -0.012750 0.000000 0.009530 0.990415 0.137798 9.617900 0.011547 -0.137904 0.990378 1.685000 0.000000 0.000000 0.000000 1.000000
0.997258 -0.022344 -0.070547 -0.000000 0.031691 0.990434 0.134298 9.617900 0.066872 -0.136165 0.988427 1.685000 0.000000 0.000000 0.000000 1.000000
0.989387 -0.039681 -0.139783 0.000000 0.056901 0.990967 0.121439 9.617900 0.133702 -0.128104 0.982707 1.685000 0.000000 0.000000 0.000000 1.000000
0.975599 -0.056545 -0.212155 0.000000 0.078593 0.992179 0.096972 9.617900 0.205012 -0.111279 0.972413 1.685000 0.000000 0.000000 0.000000 1.000000
0.957218 -0.072721 -0.280082 0.000000 0.094192 0.993497 0.063962 9.617900 0.273609 -0.087607 0.957843 1.685000 0.000000 0.000000 0.000000 1.000000
0.938109 -0.087651 -0.335064 0.000000 0.104466 0.993999 0.032457 9.617900 0.330208 -0.065451 0.941636 1.685000 0.000000 0.000000 0.000000 1.000000
0.923383 -0.100209 -0.370570 0.000000 0.112367 0.993602 0.011307 9.617900 0.367066 -0.052081 0.928736 1.685000 0.000000 0.000000 0.000000 1.000000
0.911480 -0.112705 -0.395602 0.000000 0.121292 0.992611 -0.003329 9.617900 0.393054 -0.044949 0.918416 1.685000 0.000000 0.000000 0.000000 1.000000
0.904115 -0.123746 -0.408978 0.000000 0.130256 0.991408 -0.012020 9.617900 0.406951 -0.042404 0.912465 1.685000 0.000000 0.000000 0.000000 1.000000
0.901638 -0.131852 -0.411904 -0.000000 0.137430 0.990379 -0.016196 9.617900 0.410076 -0.042005 0.911084 1.685000 0.000000 0.000000 0.000000 1.000000
0.901593 -0.137520 -0.410143 -0.000000 0.142413 0.989630 -0.018764 9.617900 0.408470 -0.041492 0.911828 1.685000 0.000000 0.000000 0.000000 1.000000
0.902232 -0.141021 -0.407541 0.000000 0.145368 0.989166 -0.020458 9.617900 0.406011 -0.040785 0.912958 1.685000 0.000000 0.000000 0.000000 1.000000
0.903404 -0.142861 -0.404292 0.000000 0.147026 0.988912 -0.020908 9.617900 0.402796 -0.040553 0.914391 1.685000 0.000000 0.000000 0.000000 1.000000
0.904824 -0.144551 -0.400498 0.000000 0.149352 0.988594 -0.019390 9.617900 0.398733 -0.042271 0.916092 1.685000 0.000000 0.000000 0.000000 1.000000
0.907598 -0.147680 -0.393009 -0.000000 0.154649 0.987869 -0.014071 9.617900 0.390320 -0.048008 0.919427 1.685000 0.000000 0.000000 0.000000 1.000000
0.914375 -0.150754 -0.375754 -0.000000 0.160793 0.986977 -0.004699 9.617900 0.371569 -0.056122 0.926708 1.685000 0.000000 0.000000 0.000000 1.000000
0.925841 -0.146969 -0.348164 0.000000 0.159322 0.987202 0.006946 9.617900 0.342687 -0.061901 0.937408 1.685000 0.000000 0.000000 0.000000 1.000000
0.939771 -0.133089 -0.314831 0.000000 0.146231 0.989080 0.018383 9.617900 0.308946 -0.063314 0.948970 1.685000 0.000000 0.000000 0.000000 1.000000
0.953302 -0.114606 -0.279428 0.000000 0.127943 0.991331 0.029904 9.617900 0.273578 -0.064258 0.959701 1.685000 0.000000 0.000000 0.000000 1.000000
0.965299 -0.095560 -0.243034 -0.000000 0.109894 0.992874 0.046093 9.617900 0.236897 -0.071202 0.968922 1.685000 0.000000 0.000000 0.000000 1.000000
0.975604 -0.076096 -0.205928 0.000000 0.091533 0.993580 0.066490 9.617900 0.199546 -0.083717 0.976306 1.685000 0.000000 0.000000 0.000000 1.000000
0.983974 -0.057985 -0.168618 -0.000000 0.073124 0.993694 0.085003 9.617900 0.162626 -0.095971 0.982009 1.685000 0.000000 0.000000 0.000000 1.000000
0.990460 -0.042554 -0.131064 -0.000000 0.055725 0.993573 0.098528 9.617900 0.126028 -0.104891 0.986466 1.685000 0.000000 0.000000 0.000000 1.000000
0.995143 -0.029815 -0.093819 -0.000000 0.039935 0.993359 0.107905 9.617900 0.089978 -0.111128 0.989724 1.685000 0.000000 0.000000 0.000000 1.000000
0.998111 -0.020732 -0.057833 0.000000 0.027249 0.993076 0.114268 9.617900 0.055064 -0.115628 0.991765 1.685000 0.000000 0.000000 0.000000 1.000000
0.999603 -0.014256 -0.024311 0.000000 0.017049 0.992767 0.118844 9.617900 0.022440 -0.119211 0.992615 1.685000 0.000000 0.000000 0.000000 1.000000
0.999962 -0.006764 0.005558 0.000000 0.006016 0.992141 0.124982 9.617900 -0.006360 -0.124944 0.992143 1.685000 0.000000 0.000000 0.000000 1.000000
0.999711 0.001406 0.024009 0.000000 -0.004554 0.991295 0.131584 9.617900 -0.023615 -0.131656 0.991014 1.685000 0.000000 0.000000 0.000000 1.000000</float_array><technique_common><accessor source="#mixamorig_Head-Matrix-animation-output-transform-array" count="29" stride="16"><param type="float4x4"/></accessor></technique_common></source><source id="mixamorig_Head-Interpolations"><Name_array id="mixamorig_Head-Interpolations-array" count="29">
 LINEAR LINEAR LINEAR LINEAR LINEAR LINEAR LINEAR LINEAR LINEAR LINEAR LINEAR
LINEAR LINEAR LINEAR LINEAR LINEAR LINEAR LINEAR LINEAR LINEAR LINEAR LINEAR LINEAR
LINEAR LINEAR LINEAR LINEAR LINEAR LINEAR</Name_array><technique_common><accessor source="#mixamorig_Head-Interpolations-array" count="29"><param type="name"/></accessor></technique_common></source><sampler id="mixamorig_Head-Matrix-animation-transform"><input semantic="INPUT" source="#mixamorig_Head-Matrix-animation-input"/><input semantic="OUTPUT" source="#mixamorig_Head-Matrix-animation-output-transform"/><input semantic="INTERPOLATION" source="#mixamorig_Head-Interpolations"/></sampler><channel source="#mixamorig_Head-Matrix-animation-transform" target="mixamorig_Head/matrix"/></animation>
    <animation id="mixamorig_LeftShoulder-anim" name="mixamorig_LeftShoulder"><source id="mixamorig_LeftShoulder-Matrix-animation-input"><float_array id="mixamorig_LeftShoulder-Matrix-animation-input-array" count="29">

0.000000 0.033333 0.066667 0.100000 0.133333 0.166667 0.200000 0.233333 0.266667 0.300000 0.333333 0.366667 0.400000 0.433333 0.466667 0.500000
0.533333 0.566667 0.600000 0.633333 0.666667 0.700000 0.733333 0.766667 0.800000 0.833333 0.866667 0.900000 0.933333</float_array><technique_common><accessor source="#mixamorig_LeftShoulder-Matrix-animation-input-array" count="29"><param name="TIME" type="float"/></accessor></technique_common></source><source id="mixamorig_LeftShoulder-Matrix-animation-output-transform"><float_array id="mixamorig_LeftShoulder-Matrix-animation-output-transform-array" count="464">

0.932053 0.203551 -0.299741 4.570400 -0.218689 0.975638 -0.017473 10.946000 0.288882 0.081836 0.953860 -2.628000 0.000000 0.000000 0.000000 1.000000
0.932598 0.199532 -0.300747 4.570400 -0.214863 0.976470 -0.018434 10.946000 0.289992 0.081811 0.953526 -2.628000 0.000000 0.000000 0.000000 1.000000
0.933287 0.195424 -0.301306 4.570400 -0.210916 0.977311 -0.019432 10.946000 0.290672 0.081686 0.953329 -2.628000 0.000000 0.000000 0.000000 1.000000
0.934092 0.192470 -0.300712 4.570400 -0.207997 0.977921 -0.020179 10.946000 0.290189 0.081396 0.953502 -2.628000 0.000000 0.000000 0.000000 1.000000
0.934913 0.190857 -0.299185 4.570400 -0.206306 0.978270 -0.020616 10.946000 0.288749 0.080998 0.953972 -2.628000 0.000000 0.000000 0.000000 1.000000
0.935337 0.190798 -0.297895 4.570400 -0.206144 0.978303 -0.020665 10.946000 0.287488 0.080738 0.954375 -2.628000 0.000000 0.000000 0.000000 1.000000
0.935392 0.191753 -0.297106 4.570400 -0.207009 0.978125 -0.020453 10.946000 0.286685 0.080635 0.954625 -2.628000 0.000000 0.000000 0.000000 1.000000
0.935480 0.192875 -0.296103 4.570400 -0.208020 0.977916 -0.020205 10.946000 0.285667 0.080497 0.954942 -2.628000 0.000000 0.000000 0.000000 1.000000
0.935857 0.194367 -0.293927 4.570400 -0.209295 0.977650 -0.019896 10.946000 0.283491 0.080137 0.955621 -2.628000 0.000000 0.000000 0.000000 1.000000
0.936756 0.196303 -0.289748 4.570400 -0.210845 0.977325 -0.019528 10.946000 0.279345 0.079385 0.956904 -2.628000 0.000000 0.000000 0.000000 1.000000
0.937711 0.198077 -0.285419 4.570400 -0.212229 0.977031 -0.019204 10.946000 0.275059 0.078582 0.958211 -2.628000 0.000000 0.000000 0.000000 1.000000
